rh.aparc.volume	rh_bankssts_volume	rh_caudalanteriorcingulate_volume	rh_caudalmiddlefrontal_volume	rh_cuneus_volume	rh_entorhinal_volume	rh_fusiform_volume	rh_inferiorparietal_volume	rh_inferiortemporal_volume	rh_isthmuscingulate_volume	rh_lateraloccipital_volume	rh_lateralorbitofrontal_volume	rh_lingual_volume	rh_medialorbitofrontal_volume	rh_middletemporal_volume	rh_parahippocampal_volume	rh_paracentral_volume	rh_parsopercularis_volume	rh_parsorbitalis_volume	rh_parstriangularis_volume	rh_pericalcarine_volume	rh_postcentral_volume	rh_posteriorcingulate_volume	rh_precentral_volume	rh_precuneus_volume	rh_rostralanteriorcingulate_volume	rh_rostralmiddlefrontal_volume	rh_superiorfrontal_volume	rh_superiorparietal_volume	rh_superiortemporal_volume	rh_supramarginal_volume	rh_frontalpole_volume	rh_temporalpole_volume	rh_transversetemporal_volume	rh_insula_volume	BrainSegVolNotVent	eTIV
sub-004_T1w	2202.0	1872.0	8867.0	4259.0	2009.0	10097.0	16704.0	9352.0	3029.0	13954.0	9121.0	9290.0	6094.0	14301.0	2161.0	5452.0	4683.0	3068.0	4213.0	2792.0	10833.0	3198.0	13665.0	10705.0	2352.0	19859.0	24800.0	13342.0	12213.0	10853.0	1428.0	2506.0	1047.0	7823.0	1263521.0	1563487.29852
sub-005_T1w	2304.0	2050.0	7745.0	3692.0	2132.0	11885.0	16774.0	10750.0	3012.0	14079.0	8041.0	8442.0	6003.0	13686.0	2289.0	5048.0	4135.0	3018.0	4560.0	2115.0	12399.0	3402.0	15735.0	12449.0	2562.0	21036.0	29329.0	15895.0	12968.0	13364.0	974.0	2040.0	1013.0	9102.0	1342225.0	1777285.9836
sub-006_T1w	2398.0	2466.0	6378.0	3978.0	2427.0	11133.0	15521.0	9984.0	3087.0	12849.0	6860.0	7213.0	5811.0	10580.0	1770.0	3777.0	6105.0	2481.0	4110.0	2220.0	8041.0	2898.0	10909.0	11430.0	2118.0	17544.0	22748.0	13408.0	10988.0	9964.0	1059.0	2252.0	975.0	6938.0	1173591.0	1581288.08115
sub-007_T1w	1929.0	2750.0	6215.0	4451.0	1457.0	10000.0	17651.0	9586.0	3396.0	14521.0	9285.0	9381.0	6806.0	11682.0	2189.0	4100.0	4150.0	3244.0	4299.0	2980.0	9803.0	3573.0	15669.0	12314.0	2379.0	18560.0	24490.0	15655.0	16067.0	9293.0	1456.0	2272.0	955.0	8620.0	1258470.0	1648965.31132
sub-008_T1w	2777.0	2799.0	7029.0	4368.0	2092.0	11485.0	17194.0	12985.0	2685.0	14218.0	9027.0	8455.0	5951.0	14828.0	2621.0	4511.0	3755.0	3487.0	4073.0	2599.0	10094.0	4336.0	16417.0	9917.0	2154.0	18999.0	26886.0	12425.0	15793.0	10007.0	1396.0	2908.0	1485.0	9902.0	1301274.0	1584414.27413
sub-009_T1w	2649.0	2083.0	6485.0	3067.0	2841.0	10824.0	17453.0	11515.0	2906.0	13359.0	8742.0	6449.0	6221.0	13993.0	1918.0	3988.0	3780.0	3131.0	3102.0	1747.0	9878.0	3337.0	14474.0	11187.0	2386.0	16159.0	23045.0	13268.0	13565.0	14248.0	1397.0	2956.0	1028.0	7610.0	1164370.0	1221317.78462
sub-010_T1w	1813.0	2164.0	6668.0	3651.0	1941.0	8642.0	12733.0	10383.0	2505.0	13675.0	7836.0	7152.0	5333.0	12528.0	1768.0	4317.0	4029.0	3194.0	4529.0	3487.0	10089.0	3353.0	14814.0	10208.0	1978.0	14993.0	21851.0	12933.0	12485.0	10246.0	1292.0	2320.0	916.0	7577.0	1173891.0	1361110.78201
sub-011_T1w	1973.0	1664.0	6111.0	2566.0	1734.0	8284.0	11973.0	9330.0	2447.0	8976.0	6610.0	5502.0	4450.0	10311.0	1915.0	3730.0	3198.0	2025.0	3335.0	1927.0	8278.0	2887.0	11082.0	8820.0	1652.0	13059.0	19385.0	11516.0	10403.0	8860.0	745.0	2621.0	942.0	7033.0	1020616.0	1028758.4275
sub-012_T1w	1827.0	3279.0	8914.0	4114.0	2514.0	10396.0	13751.0	14063.0	2570.0	14495.0	9017.0	6922.0	6710.0	12075.0	2178.0	3839.0	4137.0	3236.0	4276.0	2739.0	9653.0	4787.0	14258.0	10569.0	3197.0	21546.0	26041.0	14179.0	13061.0	9547.0	1610.0	3045.0	1097.0	9542.0	1214586.0	1443352.95027
sub-013_T1w	2645.0	1888.0	7576.0	3707.0	4018.0	8692.0	14420.0	13954.0	2621.0	15553.0	7988.0	6431.0	6369.0	13070.0	2738.0	4932.0	4322.0	2710.0	4038.0	2312.0	11140.0	3411.0	16128.0	10782.0	2275.0	14726.0	28630.0	13239.0	13489.0	10968.0	1337.0	2801.0	1016.0	8179.0	1270128.0	1582504.83329
sub-014_T1w	2000.0	1939.0	5065.0	2785.0	1578.0	7818.0	14848.0	9361.0	2053.0	9628.0	6942.0	7765.0	5150.0	11302.0	1855.0	3734.0	3878.0	2372.0	3580.0	1890.0	7268.0	3402.0	11132.0	8274.0	2173.0	11695.0	17826.0	13444.0	11036.0	9055.0	1025.0	1697.0	1001.0	6298.0	1039280.0	1127057.57757
sub-015_T1w	2650.0	2031.0	7611.0	2511.0	2309.0	10452.0	18620.0	11451.0	3411.0	13001.0	9276.0	8080.0	7202.0	16114.0	2843.0	4652.0	4449.0	3320.0	5758.0	1779.0	9598.0	4113.0	13560.0	11541.0	2724.0	16384.0	26603.0	13483.0	13996.0	10479.0	1289.0	2118.0	1000.0	8635.0	1263077.0	1346130.93058
sub-016_T1w	2756.0	3000.0	8435.0	4260.0	2486.0	10821.0	18095.0	12647.0	2758.0	13554.0	9488.0	8293.0	7490.0	15052.0	2195.0	4971.0	5199.0	2988.0	5471.0	3063.0	10137.0	4688.0	15461.0	12977.0	3296.0	19929.0	31535.0	17763.0	14746.0	12162.0	1239.0	2867.0	1082.0	8489.0	1383373.0	1755486.12472
sub-017_T1w	1740.0	1790.0	4579.0	2687.0	1864.0	8015.0	13324.0	9520.0	2088.0	10224.0	6621.0	6043.0	4628.0	11462.0	1830.0	3625.0	3400.0	2391.0	3684.0	2440.0	6466.0	2750.0	10577.0	8484.0	1704.0	11500.0	17287.0	9995.0	9475.0	7020.0	1003.0	1947.0	741.0	6408.0	989331.0	1093827.63803
sub-018_T1w	2607.0	2456.0	7263.0	4218.0	2516.0	10764.0	18462.0	12042.0	2912.0	14901.0	8865.0	9722.0	7070.0	12313.0	2012.0	5050.0	5390.0	3216.0	5391.0	2727.0	11092.0	4142.0	15916.0	11904.0	2327.0	20442.0	26600.0	16191.0	14826.0	10307.0	1665.0	3250.0	919.0	9031.0	1386220.0	1660045.80102
sub-019_T1w	3343.0	1743.0	8275.0	3986.0	2098.0	9012.0	17928.0	12683.0	3271.0	12395.0	9129.0	8006.0	6581.0	14322.0	1676.0	5484.0	3898.0	3245.0	4006.0	2448.0	12560.0	3081.0	16253.0	11302.0	2606.0	21830.0	32263.0	17151.0	15079.0	13264.0	1194.0	2490.0	1119.0	9419.0	1412637.0	1838209.09219
sub-020_T1w	2932.0	2845.0	5212.0	3065.0	2162.0	11320.0	16485.0	10172.0	2139.0	12767.0	7166.0	6840.0	5861.0	15856.0	2548.0	4988.0	3588.0	2320.0	4057.0	1592.0	9461.0	3621.0	16594.0	10004.0	2125.0	15994.0	24057.0	15322.0	13195.0	12823.0	1069.0	2273.0	1097.0	7637.0	1251219.0	1651958.38725
sub-023_T1w	2330.0	2467.0	6399.0	3639.0	2228.0	8825.0	14332.0	10491.0	2989.0	13654.0	7362.0	8003.0	5745.0	12555.0	2211.0	4261.0	3852.0	3480.0	4531.0	1716.0	9929.0	3541.0	13045.0	11723.0	2285.0	18188.0	24757.0	13524.0	11581.0	10922.0	1800.0	1928.0	1128.0	7982.0	1220747.0	1418056.65289
sub-024_T1w	2493.0	2793.0	6204.0	4142.0	1289.0	10059.0	13752.0	9299.0	3065.0	15273.0	8253.0	8896.0	6348.0	12958.0	1755.0	4941.0	5119.0	3734.0	5510.0	3138.0	8402.0	3601.0	16285.0	10736.0	2017.0	16450.0	25005.0	12565.0	12832.0	9820.0	1236.0	2367.0	915.0	9037.0	1246577.0	1694824.82757
sub-025_T1w	2333.0	2194.0	4943.0	3808.0	2068.0	9584.0	16422.0	10120.0	2358.0	14457.0	8140.0	8925.0	6567.0	11744.0	2117.0	4480.0	4309.0	2914.0	4474.0	2316.0	10504.0	3495.0	13995.0	12100.0	2908.0	18154.0	21636.0	14502.0	11029.0	10186.0	1307.0	2588.0	932.0	8459.0	1243978.0	1692470.48659
sub-026_T1w	2396.0	2844.0	5369.0	3282.0	1824.0	8151.0	15081.0	9977.0	2267.0	10501.0	6832.0	6976.0	5410.0	12659.0	1731.0	4242.0	2802.0	2715.0	3436.0	2772.0	9301.0	3394.0	11981.0	9995.0	2523.0	16246.0	18688.0	11431.0	10757.0	10441.0	1201.0	2209.0	725.0	6000.0	1068039.0	1183601.96021
sub-027_T1w	2600.0	3203.0	7174.0	3577.0	2392.0	8275.0	14563.0	10720.0	2048.0	11090.0	7789.0	7968.0	6053.0	11671.0	1780.0	4215.0	4176.0	3058.0	4495.0	2602.0	10590.0	3939.0	17104.0	10657.0	3066.0	18115.0	23655.0	13628.0	13721.0	10023.0	1372.0	2407.0	1098.0	7977.0	1250402.0	1303920.82533
sub-028_T1w	2720.0	2688.0	7520.0	3770.0	1846.0	9942.0	18468.0	11877.0	2651.0	14810.0	9390.0	8229.0	6718.0	14632.0	2835.0	4943.0	4020.0	2671.0	4665.0	2567.0	9556.0	3599.0	18247.0	10391.0	2251.0	18639.0	26385.0	15366.0	13937.0	11077.0	1083.0	2377.0	1027.0	7688.0	1295701.0	1738062.2682
sub-029_T1w	2743.0	1888.0	6654.0	4054.0	1643.0	9503.0	17630.0	12748.0	2954.0	13791.0	8685.0	9255.0	5990.0	14622.0	2206.0	5330.0	4344.0	3630.0	5239.0	2722.0	10284.0	4632.0	15025.0	12965.0	2863.0	23359.0	29972.0	14592.0	14292.0	11875.0	1390.0	2834.0	809.0	8646.0	1394177.0	1833356.02248
sub-030_T1w	2175.0	1823.0	4684.0	3197.0	1427.0	7968.0	12673.0	10015.0	2020.0	12706.0	5950.0	7563.0	5266.0	10718.0	1948.0	3677.0	3597.0	2383.0	3940.0	2564.0	9029.0	3016.0	12380.0	8018.0	1161.0	13463.0	21870.0	11531.0	11471.0	8752.0	995.0	1854.0	890.0	6507.0	1097972.0	1300153.11833
sub-031_T1w	1738.0	1782.0	5790.0	3522.0	2233.0	9479.0	15153.0	10714.0	2415.0	11604.0	7291.0	7803.0	5770.0	11275.0	1698.0	3732.0	3871.0	2525.0	4603.0	2800.0	8481.0	3090.0	12895.0	10379.0	2481.0	16159.0	22411.0	13610.0	10104.0	9129.0	1615.0	3001.0	853.0	6730.0	1051417.0	1360583.03925
sub-032_T1w	2353.0	1802.0	7350.0	4974.0	1655.0	9701.0	16235.0	12396.0	3045.0	13015.0	7761.0	8009.0	6747.0	13463.0	2251.0	4935.0	4138.0	3095.0	4522.0	2109.0	10282.0	3275.0	15800.0	11506.0	2191.0	18868.0	27686.0	14444.0	12118.0	11183.0	1313.0	2261.0	1125.0	8361.0	1192773.0	1600143.03426
sub-033_T1w	1985.0	2345.0	4480.0	3007.0	2054.0	6807.0	12450.0	9345.0	2016.0	10312.0	6784.0	5965.0	4723.0	9907.0	1728.0	4213.0	3174.0	2504.0	3979.0	2380.0	8417.0	3306.0	11982.0	8158.0	1962.0	14799.0	20258.0	10707.0	10749.0	8988.0	915.0	2163.0	808.0	6441.0	1054208.0	1165736.29573
sub-034_T1w	1888.0	1967.0	5826.0	2956.0	1602.0	7972.0	8604.0	7366.0	2135.0	9601.0	6379.0	5598.0	4255.0	9912.0	1662.0	3097.0	3549.0	2528.0	3594.0	1812.0	6826.0	2645.0	10763.0	7996.0	2146.0	17081.0	17448.0	11829.0	10760.0	9052.0	1059.0	2073.0	858.0	6264.0	952359.0	1243850.35953
sub-035_T1w	2676.0	2361.0	6066.0	3948.0	1994.0	9410.0	14596.0	10290.0	2672.0	11668.0	7169.0	6908.0	4951.0	12202.0	2051.0	4157.0	4038.0	2417.0	4773.0	2051.0	9173.0	3249.0	13669.0	9987.0	2093.0	14192.0	21436.0	13227.0	12956.0	9843.0	926.0	2666.0	932.0	8107.0	1181769.0	1224946.70162
sub-036_T1w	2083.0	1407.0	5050.0	2832.0	2007.0	7815.0	12158.0	7291.0	2206.0	9824.0	6424.0	6046.0	4230.0	10261.0	1759.0	3017.0	2938.0	2134.0	2707.0	1944.0	7613.0	2564.0	11508.0	8982.0	2166.0	13100.0	20641.0	12132.0	10394.0	9155.0	949.0	2060.0	836.0	5704.0	981520.0	952364.992963
sub-037_T1w	2680.0	1952.0	5302.0	3011.0	2175.0	8892.0	14121.0	10574.0	2311.0	12489.0	7885.0	7231.0	5773.0	10789.0	2267.0	4290.0	4781.0	3010.0	4345.0	2239.0	8922.0	2986.0	13297.0	10093.0	1784.0	17877.0	23740.0	11220.0	10732.0	10060.0	1118.0	2050.0	847.0	7244.0	1112653.0	1442811.87242
sub-038_T1w	2049.0	2419.0	7045.0	3391.0	1654.0	9018.0	15665.0	8885.0	2422.0	11426.0	8366.0	6935.0	5686.0	11389.0	2019.0	4819.0	3932.0	2113.0	4490.0	2356.0	8649.0	3470.0	13132.0	8745.0	1844.0	16590.0	20520.0	12966.0	10719.0	9514.0	1205.0	2302.0	745.0	6647.0	1138721.0	1545626.29814
sub-039_T1w	2063.0	2217.0	7436.0	4063.0	2481.0	11585.0	18905.0	13779.0	3066.0	14799.0	8389.0	8586.0	7885.0	14089.0	2374.0	4621.0	5010.0	3330.0	5417.0	3221.0	9344.0	3633.0	16033.0	13364.0	3076.0	17739.0	27214.0	14955.0	12643.0	10892.0	1615.0	2364.0	1142.0	8260.0	1239495.0	1759653.77571
sub-040_T1w	2026.0	2008.0	6794.0	3329.0	2106.0	9481.0	19487.0	11341.0	2617.0	14055.0	7617.0	6842.0	6082.0	13789.0	1772.0	4050.0	4108.0	3294.0	3677.0	2025.0	10164.0	3067.0	14230.0	10941.0	1968.0	16345.0	21645.0	14422.0	11072.0	10127.0	1265.0	2499.0	840.0	7152.0	1219831.0	1404043.68977
sub-041_T1w	1754.0	1398.0	6054.0	3320.0	1653.0	8175.0	12961.0	8022.0	2346.0	12295.0	7185.0	7312.0	5109.0	10527.0	2015.0	4187.0	3928.0	2848.0	4179.0	2394.0	8364.0	2459.0	12177.0	9590.0	1683.0	14976.0	19776.0	10537.0	9536.0	8649.0	1179.0	2599.0	688.0	6386.0	1074081.0	1158552.26541
sub-042_T1w	2083.0	2149.0	6313.0	2723.0	1394.0	9138.0	12658.0	9952.0	2275.0	10876.0	7691.0	6131.0	5967.0	10834.0	1703.0	4864.0	3786.0	3041.0	4795.0	1937.0	9247.0	2524.0	12851.0	9068.0	2170.0	16450.0	21801.0	11781.0	11062.0	9560.0	1283.0	2202.0	987.0	6529.0	1049385.0	1112421.02414
sub-043_T1w	2030.0	1318.0	7524.0	2837.0	1807.0	8781.0	15028.0	11377.0	3240.0	12042.0	8499.0	7309.0	6612.0	12811.0	2258.0	4467.0	4185.0	3247.0	4738.0	2126.0	8903.0	3378.0	14979.0	10492.0	1905.0	15885.0	26772.0	14311.0	12576.0	11645.0	1157.0	2534.0	925.0	8664.0	1242343.0	1527345.38068
sub-044_T1w	2734.0	1606.0	5536.0	3674.0	2226.0	12479.0	17722.0	11429.0	2327.0	14010.0	8143.0	9148.0	5686.0	13642.0	2468.0	4345.0	3808.0	3129.0	5152.0	2451.0	10488.0	3522.0	13272.0	10157.0	1922.0	19320.0	25547.0	12459.0	12698.0	11349.0	1166.0	2655.0	1113.0	8006.0	1295532.0	1771301.03391
sub-045_T1w	1371.0	2750.0	7990.0	3479.0	1974.0	8972.0	10506.0	8944.0	2270.0	11784.0	6316.0	7068.0	5431.0	8752.0	1730.0	3460.0	4277.0	3050.0	3944.0	2233.0	7853.0	2895.0	13178.0	8824.0	1651.0	15466.0	20653.0	11869.0	11246.0	8818.0	1723.0	2857.0	1190.0	6446.0	961101.0	1190548.77973
sub-046_T1w	2387.0	2219.0	5244.0	3373.0	1912.0	8868.0	12631.0	9877.0	2284.0	12656.0	8926.0	6874.0	6408.0	13022.0	1778.0	3868.0	3368.0	2928.0	3472.0	2030.0	8899.0	3271.0	13038.0	9884.0	1916.0	18528.0	23329.0	12301.0	12238.0	10887.0	1258.0	2382.0	1062.0	7362.0	1191501.0	1730909.70313
