lh.aparc.volume	lh_bankssts_volume	lh_caudalanteriorcingulate_volume	lh_caudalmiddlefrontal_volume	lh_cuneus_volume	lh_entorhinal_volume	lh_fusiform_volume	lh_inferiorparietal_volume	lh_inferiortemporal_volume	lh_isthmuscingulate_volume	lh_lateraloccipital_volume	lh_lateralorbitofrontal_volume	lh_lingual_volume	lh_medialorbitofrontal_volume	lh_middletemporal_volume	lh_parahippocampal_volume	lh_paracentral_volume	lh_parsopercularis_volume	lh_parsorbitalis_volume	lh_parstriangularis_volume	lh_pericalcarine_volume	lh_postcentral_volume	lh_posteriorcingulate_volume	lh_precentral_volume	lh_precuneus_volume	lh_rostralanteriorcingulate_volume	lh_rostralmiddlefrontal_volume	lh_superiorfrontal_volume	lh_superiorparietal_volume	lh_superiortemporal_volume	lh_supramarginal_volume	lh_frontalpole_volume	lh_temporalpole_volume	lh_transversetemporal_volume	lh_insula_volume	BrainSegVolNotVent	eTIV
sub-001_T1w	2762.0	1632.0	6696.0	3816.0	1989.0	10661.0	15619.0	10901.0	3900.0	14461.0	8966.0	7437.0	5438.0	13608.0	2677.0	3770.0	5525.0	3206.0	4578.0	2263.0	11739.0	3066.0	15822.0	13499.0	2651.0	17270.0	24401.0	16994.0	12635.0	15200.0	1187.0	2589.0	948.0	8355.0	1240669.0	1550302.42817
sub-002_T1w	2679.0	1930.0	5047.0	3432.0	1989.0	10145.0	13219.0	11364.0	2706.0	13825.0	8471.0	6992.0	5564.0	12564.0	2820.0	3618.0	4472.0	2730.0	4515.0	2025.0	10269.0	3203.0	14433.0	9987.0	2489.0	16956.0	22597.0	13437.0	13927.0	13632.0	1254.0	2761.0	1045.0	8014.0	1148909.0	1472141.96435
sub-003_T1w	3375.0	2554.0	5514.0	2583.0	2263.0	11904.0	14969.0	14747.0	3197.0	11197.0	8082.0	6078.0	5113.0	12663.0	2060.0	2906.0	5209.0	2716.0	3905.0	1508.0	8617.0	3394.0	11649.0	10436.0	3028.0	16025.0	19916.0	13198.0	14111.0	13111.0	1217.0	2509.0	1165.0	7999.0	1086548.0	1390167.06068
sub-004_T1w	2932.0	2565.0	9382.0	4477.0	2091.0	11436.0	12680.0	13606.0	2834.0	14988.0	9801.0	9482.0	5999.0	14649.0	3362.0	4048.0	6438.0	3094.0	5229.0	3917.0	10814.0	3444.0	17066.0	12088.0	3357.0	20250.0	25999.0	15539.0	14523.0	13024.0	1195.0	2726.0	1269.0	8249.0	1309284.0	1653974.93663
sub-005_T1w	2659.0	1465.0	6284.0	2751.0	1721.0	12028.0	11186.0	12097.0	2836.0	11699.0	8927.0	7395.0	6003.0	12960.0	1987.0	2954.0	5413.0	2528.0	4279.0	1762.0	9915.0	2793.0	13023.0	11698.0	1925.0	13452.0	20468.0	12167.0	14537.0	12032.0	818.0	2239.0	1377.0	7231.0	1148995.0	1349287.88961
sub-006_T1w	2710.0	1511.0	5617.0	4150.0	2937.0	10904.0	10273.0	8673.0	2213.0	11998.0	8000.0	8758.0	5335.0	10666.0	2131.0	3502.0	6694.0	2491.0	4381.0	3233.0	10461.0	2142.0	13228.0	9219.0	1825.0	14126.0	21631.0	12093.0	14017.0	14018.0	1003.0	2161.0	1156.0	8025.0	1113989.0	1364911.2035
sub-007_T1w	2163.0	1641.0	7407.0	3471.0	1975.0	9327.0	10333.0	10913.0	2201.0	12639.0	7938.0	5930.0	5150.0	10445.0	2154.0	3726.0	4617.0	2541.0	3543.0	2118.0	8193.0	2926.0	13619.0	9609.0	1855.0	15521.0	21259.0	13780.0	12302.0	9175.0	1078.0	2323.0	941.0	6579.0	997757.0	1295857.75516
sub-008_T1w	2529.0	2306.0	6774.0	3517.0	1798.0	9538.0	13327.0	11325.0	2124.0	11838.0	7607.0	6570.0	5032.0	13551.0	1882.0	3099.0	3827.0	2377.0	3179.0	2143.0	9993.0	3319.0	14078.0	8395.0	2908.0	14972.0	20987.0	10398.0	12025.0	10790.0	1170.0	2544.0	1050.0	6751.0	1045809.0	1306845.3774
sub-009_T1w	2387.0	1501.0	3824.0	2943.0	1609.0	9546.0	9805.0	11581.0	2519.0	10905.0	7287.0	6957.0	4725.0	11651.0	1910.0	3128.0	4895.0	2530.0	3714.0	2231.0	7472.0	2974.0	11056.0	8596.0	2548.0	14717.0	21966.0	10588.0	11738.0	9717.0	943.0	2342.0	993.0	6608.0	1035591.0	1341126.85205
sub-010_T1w	2838.0	1652.0	6611.0	2684.0	1792.0	10063.0	12907.0	10887.0	2418.0	10303.0	8391.0	5785.0	5145.0	11194.0	2068.0	3224.0	5088.0	2552.0	4512.0	1773.0	8598.0	3043.0	12595.0	9772.0	2539.0	15728.0	21668.0	11203.0	14858.0	11058.0	1072.0	2186.0	1091.0	6815.0	1120427.0	1395468.25857
sub-011_T1w	3578.0	2061.0	6530.0	3300.0	2203.0	10043.0	12937.0	12944.0	2493.0	12769.0	9691.0	6313.0	5712.0	14757.0	2353.0	4464.0	5501.0	3089.0	3934.0	2031.0	10717.0	2901.0	14393.0	9445.0	3957.0	15504.0	25603.0	12118.0	14993.0	10749.0	1026.0	2296.0	1101.0	7877.0	1191733.0	1529630.34573
sub-012_T1w	3403.0	2408.0	6030.0	3009.0	1934.0	11067.0	10737.0	10604.0	2069.0	11384.0	7489.0	6594.0	5181.0	11300.0	2177.0	3521.0	3639.0	2306.0	2988.0	2783.0	9349.0	3214.0	12523.0	8063.0	2977.0	15353.0	18655.0	10565.0	14046.0	12323.0	1183.0	2069.0	1240.0	6220.0	1048560.0	1454349.67606
sub-013_T1w	3937.0	2481.0	8314.0	3917.0	2927.0	13084.0	19292.0	16090.0	3595.0	16204.0	9561.0	7718.0	7506.0	17458.0	3363.0	4881.0	8357.0	3301.0	4539.0	2770.0	13954.0	4504.0	18696.0	14632.0	4539.0	21296.0	29075.0	21457.0	15956.0	16788.0	1109.0	3297.0	1286.0	9208.0	1587099.0	2054959.58291
sub-014_T1w	3308.0	1848.0	8241.0	3591.0	1461.0	11132.0	16200.0	15161.0	3364.0	17343.0	10073.0	8704.0	6447.0	16948.0	2091.0	4002.0	5224.0	3433.0	4962.0	2817.0	11570.0	3077.0	17534.0	12355.0	2699.0	22936.0	30645.0	15370.0	16949.0	13020.0	1116.0	2401.0	1767.0	9164.0	1405271.0	1697612.38665
sub-015_T1w	2229.0	2138.0	6310.0	3772.0	2079.0	10667.0	13801.0	14135.0	3192.0	13371.0	7788.0	7149.0	5147.0	14343.0	2362.0	3050.0	4079.0	2787.0	3020.0	2306.0	10262.0	3416.0	14994.0	9744.0	3169.0	15767.0	22680.0	12097.0	14166.0	12031.0	965.0	2773.0	1209.0	8105.0	1206490.0	1582862.28241
sub-016_T1w	1978.0	2207.0	6828.0	4471.0	2109.0	9930.0	12806.0	13684.0	3269.0	16589.0	8811.0	8220.0	5571.0	12923.0	2009.0	3904.0	5512.0	2525.0	4464.0	3332.0	9586.0	3510.0	13767.0	10967.0	3409.0	14498.0	24733.0	14461.0	13368.0	10764.0	954.0	2647.0	1353.0	7481.0	1299781.0	1607862.1406
sub-017_T1w	2304.0	1320.0	5511.0	2552.0	2131.0	10644.0	11777.0	14539.0	2120.0	12994.0	7697.0	6131.0	5131.0	11660.0	2037.0	3051.0	4803.0	2763.0	4450.0	1605.0	10318.0	2644.0	12471.0	8645.0	2725.0	14462.0	20466.0	12931.0	14071.0	10344.0	1069.0	2605.0	1543.0	6953.0	1061826.0	1272420.99946
sub-018_T1w	2880.0	1414.0	6311.0	3517.0	2109.0	10202.0	12767.0	12980.0	3134.0	14994.0	8842.0	6984.0	6313.0	13537.0	2271.0	3138.0	6502.0	2619.0	4904.0	2315.0	11197.0	3409.0	14832.0	10812.0	3147.0	16981.0	19689.0	12121.0	14334.0	12218.0	1160.0	2293.0	1517.0	8192.0	1189996.0	1614009.15557
sub-019_T1w	2401.0	1167.0	6639.0	3200.0	1536.0	10381.0	14274.0	12637.0	2639.0	11461.0	8225.0	6813.0	5326.0	14056.0	2077.0	3616.0	5084.0	2340.0	4733.0	2078.0	9373.0	3011.0	13398.0	10024.0	1521.0	17185.0	24529.0	14393.0	12676.0	9314.0	1186.0	2059.0	929.0	8044.0	1163904.0	1455740.30688
sub-020_T1w	2441.0	1378.0	4640.0	3236.0	1317.0	8658.0	11599.0	11585.0	2727.0	12719.0	8128.0	6391.0	5291.0	12184.0	1942.0	3544.0	4342.0	2718.0	3821.0	2191.0	8984.0	2759.0	12779.0	8866.0	2042.0	13088.0	17631.0	11291.0	12238.0	9963.0	852.0	2620.0	1410.0	7139.0	1042296.0	1261785.79376
sub-021_T1w	3370.0	1853.0	6814.0	2884.0	2092.0	11433.0	16767.0	15043.0	2593.0	12431.0	8919.0	7452.0	5094.0	13386.0	2001.0	3415.0	5465.0	2869.0	5024.0	2060.0	10567.0	4162.0	14816.0	10857.0	3387.0	19761.0	24942.0	15605.0	14945.0	16132.0	1212.0	2792.0	1395.0	8499.0	1240049.0	1597304.32694
sub-022_T1w	3200.0	1680.0	5611.0	2709.0	2171.0	8774.0	14163.0	12150.0	2280.0	11635.0	8039.0	6678.0	4891.0	12451.0	1998.0	4008.0	5955.0	2367.0	3991.0	1786.0	9922.0	3817.0	12272.0	9178.0	3114.0	15540.0	23198.0	11324.0	12349.0	13190.0	810.0	2117.0	1092.0	7127.0	1102014.0	1303246.16366
sub-023_T1w	3053.0	1524.0	5493.0	3943.0	2329.0	12094.0	13922.0	12432.0	3036.0	15447.0	8912.0	7335.0	4911.0	13911.0	2646.0	2915.0	5384.0	3063.0	5004.0	2104.0	10528.0	3091.0	13096.0	10060.0	2303.0	17590.0	22673.0	13258.0	14163.0	11987.0	1273.0	2613.0	1259.0	8133.0	1246391.0	1537642.56487
sub-024_T1w	2710.0	1741.0	5577.0	3300.0	2326.0	11581.0	12673.0	13118.0	2794.0	13018.0	9153.0	6431.0	6092.0	16483.0	2676.0	3423.0	7457.0	3099.0	5294.0	2000.0	10065.0	3712.0	13185.0	11239.0	2712.0	17472.0	28328.0	13561.0	14960.0	14129.0	1250.0	2391.0	1502.0	8026.0	1255451.0	1663340.46462
sub-025_T1w	2218.0	1148.0	4593.0	2444.0	1683.0	9184.0	11937.0	9682.0	2099.0	10408.0	7884.0	4397.0	4839.0	10668.0	1731.0	2705.0	3886.0	2334.0	3746.0	1337.0	7703.0	2537.0	10389.0	8534.0	2160.0	13077.0	19358.0	11039.0	12174.0	9842.0	718.0	2418.0	1096.0	6021.0	985481.0	1272313.41432
sub-026_T1w	2615.0	1511.0	6632.0	3102.0	2607.0	10904.0	13472.0	12206.0	2777.0	12973.0	8426.0	8193.0	5696.0	11327.0	2470.0	3442.0	6736.0	2538.0	5103.0	1962.0	9104.0	2993.0	12985.0	9762.0	2617.0	12798.0	17564.0	13837.0	13161.0	11061.0	1060.0	2902.0	1200.0	7405.0	1112801.0	1420887.66444
sub-027_T1w	2735.0	723.0	6600.0	2547.0	2247.0	9783.0	11149.0	9875.0	2165.0	11145.0	7014.0	4416.0	4205.0	10845.0	2288.0	3599.0	4393.0	2069.0	4160.0	1711.0	9478.0	2781.0	13199.0	8815.0	2115.0	13887.0	23477.0	11859.0	11764.0	9523.0	900.0	1705.0	1042.0	5798.0	1024278.0	1357572.87978
sub-028_T1w	3478.0	2334.0	6401.0	2938.0	2142.0	10510.0	14006.0	14170.0	3064.0	12844.0	8297.0	7645.0	6350.0	16230.0	2604.0	3399.0	4446.0	2212.0	3600.0	2276.0	10592.0	4074.0	13015.0	11464.0	3612.0	17469.0	23640.0	14161.0	14959.0	14706.0	1112.0	2311.0	992.0	8023.0	1220275.0	1556979.30939
sub-029_T1w	2443.0	1745.0	6104.0	3118.0	1998.0	10339.0	11613.0	13579.0	2810.0	14539.0	7946.0	8150.0	6283.0	14164.0	2798.0	3345.0	5346.0	2640.0	4831.0	2076.0	8715.0	2500.0	12222.0	10227.0	2898.0	16794.0	22815.0	12845.0	15278.0	12186.0	981.0	2402.0	1062.0	7686.0	1179072.0	1424102.08776
sub-030_T1w	2475.0	1524.0	6478.0	4337.0	2535.0	13352.0	17562.0	11910.0	3156.0	15335.0	8363.0	7633.0	5762.0	13342.0	2822.0	3623.0	4997.0	2432.0	3941.0	2931.0	10993.0	3211.0	14392.0	10382.0	2336.0	17555.0	24129.0	13251.0	13772.0	12834.0	1234.0	2938.0	1025.0	7150.0	1299968.0	1713723.85304
sub-031_T1w	2778.0	1401.0	5907.0	2772.0	1468.0	9305.0	14789.0	12974.0	2511.0	11929.0	8450.0	6151.0	5527.0	13302.0	2449.0	3933.0	5541.0	2615.0	3916.0	1729.0	8625.0	2697.0	13857.0	10068.0	2382.0	15633.0	22796.0	14308.0	13079.0	9608.0	1113.0	2658.0	944.0	7769.0	1104111.0	1377872.88351
sub-032_T1w	2580.0	1483.0	6572.0	3870.0	3322.0	13266.0	12038.0	12584.0	2707.0	16655.0	8402.0	10153.0	5743.0	10162.0	2744.0	4285.0	4356.0	2727.0	4292.0	2819.0	9477.0	3166.0	14580.0	11466.0	2477.0	17143.0	22808.0	14201.0	12478.0	12485.0	939.0	2774.0	1154.0	7626.0	1299686.0	1596877.1267
sub-033_T1w	2220.0	1661.0	6683.0	2126.0	2438.0	10317.0	11416.0	11001.0	2528.0	12002.0	8260.0	5866.0	5903.0	10859.0	2353.0	3139.0	5037.0	2470.0	4000.0	1321.0	10250.0	3088.0	14099.0	8962.0	2897.0	14763.0	21109.0	11577.0	11806.0	10390.0	1040.0	2686.0	1363.0	7611.0	1128572.0	1439369.25747
sub-034_T1w	2798.0	1591.0	6920.0	4676.0	1783.0	11125.0	14604.0	13524.0	3228.0	12904.0	9102.0	7006.0	5217.0	11767.0	2367.0	3352.0	7598.0	2659.0	5421.0	2318.0	10041.0	3454.0	14831.0	10532.0	3008.0	18697.0	23771.0	16650.0	17413.0	14482.0	1180.0	2512.0	1368.0	7624.0	1229162.0	1525684.87981
sub-035_T1w	2522.0	1558.0	6921.0	3012.0	1797.0	8450.0	12203.0	9694.0	2390.0	11195.0	7354.0	6231.0	5712.0	11453.0	2278.0	3166.0	4502.0	2828.0	3536.0	2156.0	9536.0	2865.0	13672.0	8779.0	2766.0	14997.0	20107.0	11917.0	11500.0	10428.0	850.0	2084.0	1158.0	7413.0	1042844.0	1326650.75383
sub-036_T1w	3475.0	2488.0	8921.0	4582.0	2460.0	15212.0	14555.0	14968.0	4774.0	14856.0	10095.0	8275.0	6819.0	13658.0	2690.0	4552.0	5558.0	3033.0	4142.0	2996.0	11498.0	4480.0	17026.0	15487.0	3803.0	22141.0	30202.0	19596.0	18096.0	16559.0	1289.0	2940.0	1822.0	8560.0	1529914.0	1795649.1415
sub-037_T1w	2719.0	1780.0	5974.0	2804.0	1906.0	11523.0	15768.0	13848.0	2844.0	14390.0	7893.0	6382.0	5602.0	10994.0	2109.0	3648.0	5424.0	2877.0	4511.0	1617.0	9682.0	3010.0	13700.0	10203.0	2641.0	15780.0	20711.0	11437.0	15407.0	11323.0	907.0	2520.0	1080.0	8339.0	1189779.0	1421913.56174
sub-038_T1w	2495.0	1740.0	4545.0	2588.0	1694.0	9591.0	12500.0	9180.0	2126.0	12257.0	7237.0	6808.0	4898.0	11155.0	2253.0	3548.0	5405.0	2205.0	4278.0	1938.0	8674.0	3346.0	12926.0	9150.0	2582.0	13897.0	19855.0	11787.0	12124.0	10067.0	1215.0	2315.0	1118.0	6830.0	1011164.0	1293854.93251
sub-039_T1w	2940.0	2043.0	6339.0	2980.0	2122.0	11621.0	17260.0	13409.0	3071.0	12240.0	9086.0	6830.0	5719.0	12079.0	2081.0	3776.0	5391.0	3253.0	4330.0	1890.0	12036.0	3431.0	15616.0	11192.0	2669.0	15567.0	22231.0	15848.0	14878.0	13694.0	1093.0	2371.0	1385.0	8131.0	1206333.0	1563635.10185
sub-040_T1w	2577.0	1828.0	7481.0	3813.0	2619.0	10475.0	12923.0	13434.0	3147.0	13797.0	9440.0	9015.0	6347.0	12521.0	3048.0	3604.0	3533.0	3097.0	3187.0	3456.0	11179.0	3091.0	15152.0	12816.0	4186.0	18043.0	21166.0	15890.0	13786.0	13283.0	1094.0	2734.0	1195.0	7898.0	1299465.0	1682088.40236
sub-041_T1w	1796.0	2111.0	7376.0	3751.0	2378.0	9238.0	12713.0	14452.0	2587.0	18057.0	8880.0	8697.0	6705.0	11912.0	2398.0	4933.0	5364.0	2522.0	3774.0	2483.0	11368.0	4053.0	18401.0	12287.0	3412.0	15230.0	27993.0	15999.0	14293.0	12631.0	1110.0	2988.0	1247.0	7339.0	1285697.0	1555693.65613
sub-042_T1w	4559.0	1692.0	7354.0	3491.0	2279.0	10398.0	14369.0	13814.0	3524.0	14181.0	11030.0	7976.0	7937.0	15330.0	2893.0	4159.0	7495.0	3150.0	6194.0	2603.0	12823.0	3481.0	15306.0	10646.0	2808.0	21555.0	27366.0	13619.0	17158.0	17560.0	1255.0	2126.0	1697.0	8600.0	1341976.0	1654778.84701
sub-043_T1w	2258.0	3154.0	6358.0	3625.0	1915.0	11399.0	11215.0	13494.0	2492.0	14663.0	8831.0	6929.0	6268.0	11110.0	2638.0	3360.0	4714.0	2554.0	4666.0	2183.0	10121.0	3775.0	16424.0	9603.0	2850.0	19791.0	24468.0	13749.0	14659.0	9908.0	1354.0	2551.0	1700.0	7736.0	1230476.0	1542545.43646
sub-044_T1w	2335.0	1241.0	6301.0	3247.0	2179.0	12080.0	11328.0	14225.0	3449.0	17536.0	7988.0	8346.0	6516.0	13363.0	2680.0	3697.0	4671.0	2867.0	4860.0	2584.0	12493.0	2732.0	13843.0	11290.0	3580.0	19636.0	22653.0	11832.0	16800.0	11798.0	1239.0	2834.0	1607.0	8163.0	1268691.0	1499521.89492
sub-045_T1w	2231.0	1994.0	7723.0	4100.0	1446.0	10330.0	12642.0	10988.0	2960.0	15390.0	9454.0	8331.0	4859.0	11902.0	2626.0	3098.0	4182.0	3029.0	4141.0	2378.0	10970.0	3040.0	15205.0	9840.0	3573.0	15071.0	23018.0	11312.0	14160.0	11241.0	887.0	1120.0	1480.0	7871.0	1217367.0	1521688.29837
sub-046_T1w	2971.0	2706.0	8865.0	3919.0	1837.0	13832.0	20534.0	15458.0	3692.0	16962.0	10315.0	10423.0	7877.0	17615.0	2632.0	4165.0	6813.0	2999.0	5360.0	2892.0	12643.0	4147.0	16711.0	13753.0	4684.0	20575.0	30924.0	16349.0	17542.0	16799.0	1246.0	2891.0	1551.0	8933.0	1543487.0	1855470.1602
sub-047_T1w	2421.0	2065.0	7130.0	2632.0	1891.0	10250.0	15392.0	13638.0	2903.0	13957.0	9054.0	7420.0	6275.0	13267.0	1990.0	4384.0	4178.0	2680.0	3459.0	1558.0	12482.0	3457.0	17605.0	11938.0	3612.0	17277.0	24366.0	15932.0	13851.0	13792.0	962.0	2200.0	1390.0	8112.0	1329977.0	1696912.74338
sub-048_T1w	2716.0	1510.0	6873.0	3487.0	2157.0	13608.0	14348.0	12296.0	3063.0	15884.0	8561.0	8325.0	6862.0	13146.0	2460.0	3351.0	6944.0	2817.0	5505.0	3138.0	10314.0	3805.0	12545.0	11086.0	2536.0	18568.0	27152.0	13926.0	14626.0	13233.0	1150.0	2799.0	1346.0	7660.0	1262207.0	1624755.45263
sub-049_T1w	3371.0	1567.0	8884.0	4064.0	2972.0	9760.0	13275.0	11792.0	2962.0	16064.0	10026.0	8544.0	7572.0	12884.0	2764.0	3727.0	6646.0	3151.0	4028.0	1801.0	10881.0	3636.0	18261.0	10662.0	3187.0	17631.0	27120.0	13187.0	15452.0	13522.0	1426.0	3137.0	1391.0	7711.0	1285222.0	1586941.43297
