rh.aparc.thickness	rh_bankssts_thickness	rh_caudalanteriorcingulate_thickness	rh_caudalmiddlefrontal_thickness	rh_cuneus_thickness	rh_entorhinal_thickness	rh_fusiform_thickness	rh_inferiorparietal_thickness	rh_inferiortemporal_thickness	rh_isthmuscingulate_thickness	rh_lateraloccipital_thickness	rh_lateralorbitofrontal_thickness	rh_lingual_thickness	rh_medialorbitofrontal_thickness	rh_middletemporal_thickness	rh_parahippocampal_thickness	rh_paracentral_thickness	rh_parsopercularis_thickness	rh_parsorbitalis_thickness	rh_parstriangularis_thickness	rh_pericalcarine_thickness	rh_postcentral_thickness	rh_posteriorcingulate_thickness	rh_precentral_thickness	rh_precuneus_thickness	rh_rostralanteriorcingulate_thickness	rh_rostralmiddlefrontal_thickness	rh_superiorfrontal_thickness	rh_superiorparietal_thickness	rh_superiortemporal_thickness	rh_supramarginal_thickness	rh_frontalpole_thickness	rh_temporalpole_thickness	rh_transversetemporal_thickness	rh_insula_thickness	rh_MeanThickness_thickness	BrainSegVolNotVent	eTIV
sub-001_T1w	2.711	2.465	2.73	2.199	3.466	2.806	2.739	2.718	2.208	2.56	2.633	2.195	2.524	3.0	3.109	2.626	2.579	2.745	2.569	1.925	2.175	2.475	2.739	2.57	2.621	2.396	2.7	2.444	2.749	2.753	2.565	2.409	2.515	3.181	2.60348	1240669.0	1550302.42817
sub-002_T1w	2.929	3.035	2.597	2.137	3.257	2.986	2.799	3.063	2.761	2.573	3.195	2.333	2.811	3.318	3.355	2.743	3.036	3.065	2.974	1.764	2.393	2.727	2.965	2.769	3.455	2.712	2.947	2.372	3.321	2.906	3.552	3.563	2.545	3.418	2.81856	1148909.0	1472141.96435
sub-003_T1w	2.767	2.359	2.594	2.102	3.378	3.02	2.591	3.069	2.472	2.471	2.931	2.22	2.545	3.065	2.696	2.269	2.799	3.221	2.664	1.705	2.233	2.515	2.666	2.535	3.107	2.492	2.73	2.216	3.052	2.615	2.798	3.495	2.475	3.326	2.64815	1086548.0	1390167.06068
sub-004_T1w	2.589	2.325	2.791	2.263	2.702	3.028	2.765	3.095	2.965	2.59	2.883	2.423	2.546	3.099	3.206	2.593	2.956	3.185	2.748	2.06	2.215	2.57	2.756	2.599	2.865	2.433	2.892	2.265	3.163	2.822	2.601	3.537	2.714	3.281	2.71138	1309284.0	1653974.93663
sub-005_T1w	2.57	2.285	2.422	1.742	3.232	2.765	2.477	2.88	2.27	2.174	2.625	2.02	2.561	3.012	2.42	2.34	2.686	2.827	2.431	1.466	1.968	2.382	2.442	2.593	2.937	2.352	2.614	2.154	2.804	2.554	2.658	3.249	2.6	3.318	2.47094	1148995.0	1349287.88961
sub-006_T1w	2.597	2.566	2.647	2.34	3.871	2.817	2.557	2.926	2.537	2.296	2.702	2.174	2.55	2.966	2.914	2.374	2.553	2.755	2.379	1.854	2.17	2.222	2.562	2.364	2.852	2.36	2.741	2.195	2.842	2.598	3.251	3.791	2.453	3.215	2.53339	1113989.0	1364911.2035
sub-007_T1w	2.564	3.011	2.669	1.868	3.607	2.816	2.616	3.037	2.471	2.408	2.9	2.205	2.554	3.053	3.118	2.69	2.628	2.753	2.554	1.729	2.226	2.651	2.662	2.518	3.32	2.429	2.753	2.352	2.925	2.624	2.908	3.983	2.32	3.329	2.61491	997757.0	1295857.75516
sub-008_T1w	2.907	2.481	2.597	2.234	3.363	2.866	2.638	2.877	2.563	2.475	2.654	2.23	2.41	3.2	3.005	2.514	2.653	2.689	2.418	1.771	2.2	2.575	2.619	2.711	2.66	2.359	2.79	2.31	3.138	2.65	3.113	3.189	2.673	3.135	2.62901	1045809.0	1306845.3774
sub-009_T1w	2.774	2.592	2.605	2.112	3.135	2.956	2.69	3.065	2.516	2.349	2.875	2.199	2.633	3.149	2.866	2.398	2.737	2.911	2.587	1.642	2.062	2.458	2.704	2.591	3.412	2.594	3.001	2.272	3.129	2.722	2.519	3.09	2.747	3.436	2.65589	1035591.0	1341126.85205
sub-010_T1w	2.941	2.207	2.453	1.929	3.576	2.773	2.551	3.046	2.464	2.258	2.651	1.992	2.488	3.033	2.725	2.284	2.626	2.754	2.622	1.559	1.996	2.427	2.586	2.391	2.752	2.25	2.626	2.189	2.988	2.687	2.657	4.186	2.226	3.241	2.52351	1120427.0	1395468.25857
sub-011_T1w	3.172	2.637	2.533	2.058	3.839	2.903	2.544	3.141	2.437	2.286	2.881	2.03	2.56	3.083	2.554	2.439	2.548	2.958	2.399	1.673	2.202	2.439	2.517	2.479	2.926	2.351	2.569	2.19	3.08	2.713	2.921	4.0	2.453	3.337	2.57591	1191733.0	1529630.34573
sub-012_T1w	2.534	2.449	2.613	2.033	2.955	2.89	2.525	2.868	2.469	2.303	2.715	2.057	2.679	3.111	2.948	2.528	2.818	2.924	2.868	1.592	2.061	2.345	2.749	2.493	2.769	2.358	2.883	2.149	3.091	2.554	3.606	3.186	2.736	3.209	2.57513	1048560.0	1454349.67606
sub-013_T1w	3.106	2.471	2.735	2.146	3.14	2.921	2.733	3.018	2.791	2.424	2.675	2.128	2.438	3.149	2.768	2.668	2.863	2.652	2.75	1.862	2.212	2.863	2.878	2.746	2.725	2.464	2.857	2.452	3.052	2.821	2.476	3.817	2.511	2.895	2.68922	1587099.0	2054959.58291
sub-014_T1w	2.589	2.463	2.65	2.276	3.101	2.981	2.69	3.035	2.515	2.578	2.794	2.19	2.599	3.052	2.567	2.648	2.811	2.719	2.816	2.03	2.292	2.428	2.849	2.693	2.551	2.47	2.893	2.389	3.052	2.799	2.774	2.692	2.821	3.476	2.69389	1405271.0	1697612.38665
sub-015_T1w	2.697	2.614	2.463	1.945	3.657	2.792	2.497	2.788	2.679	2.244	2.702	1.964	2.347	2.925	2.838	2.308	2.754	2.827	2.54	1.466	2.102	2.455	2.498	2.34	3.261	2.364	2.627	2.095	3.035	2.594	3.095	3.219	2.757	3.202	2.49833	1206490.0	1582862.28241
sub-016_T1w	2.606	2.46	2.514	2.207	3.676	2.835	2.74	2.947	2.44	2.481	2.701	2.272	2.599	2.779	2.747	2.634	2.7	2.659	2.462	2.047	2.032	2.536	2.529	2.632	2.63	2.263	2.735	2.406	2.925	2.607	2.798	3.911	2.324	3.178	2.58256	1299781.0	1607862.1406
sub-017_T1w	2.94	2.742	2.718	2.154	3.289	2.922	2.585	3.146	2.754	2.539	2.911	2.019	2.703	3.085	2.872	2.688	2.835	3.006	2.93	1.595	2.365	2.784	2.762	2.508	2.928	2.515	2.826	2.283	3.272	2.683	3.436	4.124	2.896	3.361	2.71082	1061826.0	1272420.99946
sub-018_T1w	2.93	2.803	2.627	2.134	3.071	3.032	2.675	2.933	2.568	2.568	2.66	2.287	2.534	3.108	2.631	2.826	2.711	2.809	2.662	1.688	2.31	2.811	2.767	2.676	3.18	2.271	2.685	2.466	3.091	2.753	2.492	2.651	3.192	3.242	2.66595	1189996.0	1614009.15557
sub-019_T1w	2.906	2.517	2.792	2.011	3.296	3.056	2.625	3.176	2.632	2.34	3.121	2.1	2.742	3.205	2.689	2.558	2.735	3.252	2.798	1.716	2.029	2.584	2.807	2.647	2.572	2.55	2.956	2.248	3.207	2.598	2.973	2.44	2.81	3.22	2.68313	1163904.0	1455740.30688
sub-020_T1w	2.636	2.954	2.791	2.05	3.247	2.831	2.598	3.126	2.422	2.211	2.681	2.085	2.656	2.989	2.683	2.626	2.812	2.946	2.529	1.441	2.075	2.709	2.621	2.548	3.251	2.455	2.851	2.254	2.895	2.568	3.546	3.448	2.378	3.385	2.58106	1042296.0	1261785.79376
sub-021_T1w	3.203	2.831	2.672	2.163	3.52	3.039	2.673	3.019	2.537	2.42	2.848	2.301	2.557	3.056	3.106	2.609	2.667	2.84	2.499	1.812	2.172	2.624	2.611	2.659	2.713	2.35	2.733	2.303	3.26	2.81	2.759	3.663	2.577	3.138	2.65424	1240049.0	1597304.32694
sub-022_T1w	2.73	2.515	2.466	1.887	3.704	2.89	2.664	2.895	2.647	2.327	2.459	2.239	2.419	3.086	2.93	2.467	2.589	2.771	2.379	1.616	2.163	2.492	2.63	2.623	2.863	2.215	2.682	2.362	2.836	2.663	2.628	3.819	2.546	3.208	2.56987	1102014.0	1303246.16366
sub-023_T1w	2.627	2.604	2.441	1.983	3.568	2.925	2.665	2.661	2.509	2.447	2.648	2.052	2.679	3.039	2.996	2.595	2.633	2.461	2.469	1.546	2.061	2.798	2.517	2.434	3.053	2.323	2.73	2.164	2.956	2.561	2.767	3.535	2.668	3.311	2.54295	1246391.0	1537642.56487
sub-024_T1w	2.63	2.357	2.707	1.884	3.481	2.943	2.518	2.95	2.277	2.436	2.879	2.193	2.38	2.949	2.668	2.529	2.86	2.912	2.586	1.673	2.099	2.398	2.644	2.467	2.773	2.39	2.821	2.25	2.931	2.784	2.673	3.561	2.558	3.27	2.59253	1255451.0	1663340.46462
sub-025_T1w	2.454	2.795	2.457	1.772	3.437	2.865	2.552	2.901	2.387	2.299	2.623	2.018	2.458	2.947	2.756	2.566	2.847	2.551	2.485	1.482	2.132	2.413	2.597	2.445	2.726	2.503	2.857	2.282	2.87	2.595	2.816	3.72	2.527	3.21	2.56053	985481.0	1272313.41432
sub-026_T1w	2.876	2.298	2.509	2.172	3.626	3.173	2.786	3.091	2.381	2.604	2.88	2.392	2.632	3.226	2.992	2.443	2.957	2.843	2.622	1.657	2.199	2.464	2.637	2.532	2.681	2.442	2.786	2.342	3.105	2.76	3.056	4.299	2.695	3.289	2.69139	1112801.0	1420887.66444
sub-027_T1w	2.648	2.552	2.522	1.869	3.796	2.988	2.704	2.8	2.333	2.371	2.621	2.218	2.563	3.025	2.861	2.67	2.528	2.562	2.321	1.599	2.166	2.491	2.789	2.544	3.044	2.265	2.792	2.327	2.795	2.615	2.35	3.281	2.317	3.09	2.57121	1024278.0	1357572.87978
sub-028_T1w	2.98	2.556	2.739	1.891	2.82	2.922	2.404	2.978	2.378	2.341	2.679	2.201	2.797	3.026	2.792	2.351	2.654	3.048	2.525	1.604	2.063	2.43	2.486	2.462	3.231	2.423	2.78	2.081	3.077	2.658	2.884	3.178	2.052	3.24	2.54841	1220275.0	1556979.30939
sub-029_T1w	3.074	2.476	2.527	2.021	3.171	2.796	2.678	2.851	2.497	2.375	2.642	2.145	2.496	3.234	2.961	2.297	2.629	3.101	2.549	1.74	2.156	2.375	2.585	2.486	2.759	2.396	2.759	2.214	3.113	2.694	2.244	3.251	2.744	3.113	2.58952	1179072.0	1424102.08776
sub-030_T1w	2.601	2.206	2.534	2.105	3.087	2.883	2.621	3.099	2.856	2.436	2.791	2.252	2.477	3.042	2.986	2.386	2.789	2.606	2.404	1.887	2.129	2.389	2.682	2.514	2.696	2.239	2.731	2.233	3.115	2.633	2.709	3.241	2.34	3.298	2.59506	1299968.0	1713723.85304
sub-031_T1w	3.306	2.799	2.728	1.926	3.583	2.974	2.834	2.882	2.468	2.426	2.928	2.055	2.688	3.17	2.835	2.583	2.728	2.856	2.867	1.662	2.178	2.794	2.645	2.545	2.779	2.497	2.823	2.366	3.029	2.719	3.084	3.928	2.706	3.092	2.6748	1104111.0	1377872.88351
sub-032_T1w	2.909	2.729	2.532	1.948	4.107	2.896	2.706	2.84	2.64	2.522	2.84	2.23	2.566	3.068	3.018	2.495	2.645	2.723	2.651	1.623	2.055	2.546	2.667	2.586	3.131	2.398	2.69	2.335	3.132	2.713	2.781	3.951	2.694	3.153	2.61631	1299686.0	1596877.1267
sub-033_T1w	2.576	2.615	2.581	1.967	3.629	2.971	2.539	2.857	2.727	2.384	2.629	2.057	2.39	2.861	3.016	2.561	2.59	2.649	2.396	1.663	2.178	2.564	2.623	2.53	3.079	2.368	2.717	2.267	2.987	2.632	2.793	4.001	2.775	3.057	2.5759	1128572.0	1439369.25747
sub-034_T1w	2.711	2.365	2.671	1.975	3.44	2.844	2.651	3.098	2.51	2.42	2.889	2.104	2.579	3.067	2.651	2.498	2.637	2.832	2.678	1.442	2.274	2.563	2.757	2.514	2.736	2.501	2.919	2.448	3.226	2.683	3.023	3.83	2.448	3.357	2.6546	1229162.0	1525684.87981
sub-035_T1w	2.862	2.499	2.519	2.171	3.117	2.811	2.611	2.825	2.497	2.514	2.591	2.084	2.517	3.192	3.146	2.727	2.627	2.621	2.521	1.818	2.128	2.689	2.693	2.566	2.658	2.311	2.777	2.456	2.979	2.722	2.59	2.709	2.517	2.954	2.60375	1042844.0	1326650.75383
sub-036_T1w	2.827	2.181	2.477	2.117	2.897	2.784	2.807	2.909	2.656	2.477	2.75	2.232	2.503	3.073	2.68	2.472	2.828	2.515	2.333	1.804	2.07	2.475	2.41	2.649	2.825	2.403	2.728	2.315	3.187	2.642	2.489	2.527	2.69	3.018	2.5876	1529914.0	1795649.1415
sub-037_T1w	2.78	2.499	2.571	2.249	3.513	2.986	2.7	3.082	2.61	2.342	2.866	2.008	2.698	2.995	2.538	2.557	2.695	2.958	2.628	1.572	2.0	2.577	2.579	2.489	2.802	2.338	2.759	2.248	3.07	2.545	2.823	3.54	2.382	3.0	2.59733	1189779.0	1421913.56174
sub-038_T1w	2.87	2.538	2.577	1.766	3.496	2.998	2.531	2.813	2.81	2.372	2.808	1.988	2.531	2.988	2.927	2.667	2.69	2.909	2.661	1.534	2.094	2.903	2.686	2.457	2.944	2.371	2.946	2.149	3.046	2.576	3.152	3.824	2.324	3.202	2.58073	1011164.0	1293854.93251
sub-039_T1w	3.203	2.467	2.662	2.026	3.738	3.155	2.897	3.25	2.559	2.511	2.855	2.313	2.603	3.29	2.954	2.745	2.941	3.039	2.711	1.653	2.357	2.714	2.844	2.744	3.112	2.56	2.855	2.469	3.137	2.961	2.665	3.668	2.89	3.284	2.77231	1206333.0	1563635.10185
sub-040_T1w	2.558	2.42	2.406	2.076	3.69	2.918	2.635	2.95	2.481	2.372	2.616	2.248	2.522	2.943	2.851	2.303	2.8	2.725	2.491	1.837	1.993	2.525	2.487	2.52	2.628	2.327	2.555	2.258	2.996	2.577	2.517	3.706	2.629	3.258	2.52575	1299465.0	1682088.40236
sub-041_T1w	2.731	2.415	2.527	2.082	2.858	2.915	2.599	2.894	2.823	2.341	2.624	2.154	2.396	2.828	3.032	2.652	2.745	2.515	2.44	1.75	2.153	2.811	2.716	2.646	2.934	2.266	2.703	2.371	2.922	2.714	2.594	3.433	2.834	3.136	2.57314	1285697.0	1555693.65613
sub-042_T1w	3.007	2.76	2.707	1.96	2.767	3.103	2.677	3.172	2.724	2.536	2.89	2.298	2.623	3.248	2.81	2.577	2.835	2.883	2.66	1.462	2.333	2.53	2.789	2.452	3.012	2.499	2.779	2.323	3.278	2.894	2.583	3.112	2.716	3.242	2.6997	1341976.0	1654778.84701
sub-043_T1w	2.507	2.378	2.568	2.033	2.9	2.947	2.628	2.931	2.45	2.488	2.757	2.083	2.358	2.935	2.895	2.728	2.862	2.544	2.568	1.778	2.131	2.411	2.717	2.468	2.944	2.357	2.826	2.273	3.002	2.57	2.814	3.296	2.783	3.189	2.58256	1230476.0	1542545.43646
sub-044_T1w	2.613	2.298	2.453	2.162	3.014	2.937	2.582	3.009	2.428	2.478	2.73	2.132	2.755	2.783	2.935	2.484	2.627	2.997	2.634	1.658	2.139	2.378	2.609	2.501	2.785	2.481	2.74	2.254	2.936	2.541	2.575	3.781	2.538	3.334	2.58139	1268691.0	1499521.89492
sub-045_T1w	2.603	2.316	2.463	2.12	2.966	2.914	2.554	2.929	2.517	2.369	2.746	2.079	2.499	3.009	2.711	2.34	2.482	2.756	2.424	1.609	2.055	2.475	2.668	2.481	2.579	2.403	2.764	2.165	2.993	2.614	3.079	3.0	2.529	3.219	2.5502	1217367.0	1521688.29837
sub-046_T1w	3.003	2.22	2.682	1.887	3.844	3.054	2.781	3.067	2.232	2.593	2.981	2.167	2.727	3.242	3.011	2.772	2.934	2.976	2.634	1.655	2.277	2.623	2.754	2.632	2.917	2.56	2.906	2.314	3.237	2.92	2.622	4.091	2.851	3.134	2.72721	1543487.0	1855470.1602
sub-047_T1w	2.59	2.426	2.447	1.904	3.596	2.852	2.495	2.928	2.308	2.249	2.441	2.004	2.572	2.829	2.534	2.538	2.587	2.406	2.457	1.683	2.064	2.403	2.584	2.438	2.954	2.277	2.696	2.156	2.758	2.522	2.422	2.565	2.4	3.037	2.46871	1329977.0	1696912.74338
sub-048_T1w	2.766	2.604	2.595	2.062	3.282	3.023	2.597	2.945	2.549	2.472	2.67	2.213	2.43	3.038	2.793	2.475	2.808	2.877	2.694	1.807	2.125	2.444	2.535	2.606	3.067	2.477	2.714	2.342	3.111	2.716	3.087	3.762	2.503	3.327	2.62184	1262207.0	1624755.45263
sub-049_T1w	2.909	3.065	2.664	2.093	3.054	3.088	2.839	3.084	2.728	2.549	2.715	2.304	2.292	3.039	2.85	2.722	2.738	3.028	2.613	1.52	2.359	2.666	2.844	2.546	2.812	2.428	2.825	2.409	3.126	2.698	3.036	3.959	2.529	3.266	2.69758	1285222.0	1586941.43297
