Measure:volume	Left-Lateral-Ventricle	Left-Inf-Lat-Vent	Left-Cerebellum-White-Matter	Left-Cerebellum-Cortex	Left-Thalamus	Left-Caudate	Left-Putamen	Left-Pallidum	3rd-Ventricle	4th-Ventricle	Brain-Stem	Left-Hippocampus	Left-Amygdala	CSF	Left-Accumbens-area	Left-VentralDC	Left-vessel	Left-choroid-plexus	Right-Lateral-Ventricle	Right-Inf-Lat-Vent	Right-Cerebellum-White-Matter	Right-Cerebellum-Cortex	Right-Thalamus	Right-Caudate	Right-Putamen	Right-Pallidum	Right-Hippocampus	Right-Amygdala	Right-Accumbens-area	Right-VentralDC	Right-vessel	Right-choroid-plexus	5th-Ventricle	WM-hypointensities	Left-WM-hypointensities	Right-WM-hypointensities	non-WM-hypointensities	Left-non-WM-hypointensities	Right-non-WM-hypointensities	Optic-Chiasm	CC_Posterior	CC_Mid_Posterior	CC_Central	CC_Mid_Anterior	CC_Anterior	BrainSegVol	BrainSegVolNotVent	BrainSegVolNotVentSurf	lhCortexVol	rhCortexVol	CortexVol	lhCerebralWhiteMatterVol	rhCerebralWhiteMatterVol	CerebralWhiteMatterVol	SubCortGrayVol	TotalGrayVol	SupraTentorialVol	SupraTentorialVolNotVent	SupraTentorialVolNotVentVox	MaskVol	BrainSegVol-to-eTIV	MaskVol-to-eTIV	lhSurfaceHoles	rhSurfaceHoles	SurfaceHoles	EstimatedTotalIntraCranialVol
sub-001_T1w	7843.9	317.4	15116.5	61420.7	9154.3	3539.9	4341.4	1839.2	962.1	2610.3	22227.5	4272.2	1811.0	917.9	453.9	4215.6	7.8	473.5	4349.7	264.1	14361.3	62489.8	8054.3	3578.7	4765.5	2073.4	4879.6	2127.6	678.8	4306.0	11.3	313.7	0.0	750.2	0.0	0.0	0.0	0.0	0.0	212.2	970.2	583.9	633.1	582.3	920.9	1257934.0	1240669.0	1240568.92417	275586.889484	272380.990239	547967.879724	239196.088783	237615.955666	476812.044448	61060.0	735413.879724	1102974.92417	1090112.92417	1085758.0	1723803.0	0.811412	1.111914	31.0	34.0	65.0	1550302.42817
sub-002_T1w	6596.6	178.2	14837.4	62424.3	8049.6	4359.2	5273.7	2043.4	789.4	2029.2	22419.9	4422.8	1912.0	946.4	544.7	4435.3	14.8	501.4	7106.2	177.2	13803.7	60709.9	7782.2	4343.5	5234.6	2072.0	4197.1	1973.2	650.7	4335.0	8.9	567.6	0.0	960.2	0.0	0.0	0.0	0.0	0.0	117.9	1073.0	632.0	530.4	577.8	1049.6	1166968.0	1148909.0	1148466.34169	253118.749501	251616.488597	504735.238099	215415.397662	213524.705927	428940.103589	62789.0	692079.238099	1014581.34169	1000068.34169	996787.0	1549529.0	0.792701	1.052568	23.0	22.0	45.0	1472141.96435
sub-003_T1w	3972.9	262.2	14761.3	57834.0	7824.1	3072.2	3360.3	1489.2	887.9	1803.1	17953.7	4474.5	1654.6	1093.8	335.4	3586.9	14.8	351.8	5289.0	193.1	13549.5	59531.4	6504.3	3232.2	4530.3	1615.1	4461.5	1691.6	497.0	3387.6	25.0	355.8	0.0	1072.5	0.0	0.0	0.0	0.0	0.0	98.1	811.9	441.3	699.4	881.1	747.3	1099845.0	1086548.0	1086097.72613	248583.805207	252590.323255	501174.128461	192935.307671	193341.29	386276.597671	52715.0	672862.128461	953016.726132	943377.726132	940527.0	1503738.0	0.79116	1.081696	45.0	35.0	80.0	1390167.06068
sub-004_T1w	6279.0	243.7	16519.8	54896.1	8041.9	3764.3	5265.3	2120.6	827.5	1257.9	20801.8	4768.1	2154.5	782.1	668.6	4473.6	0.0	540.2	6858.1	138.8	14770.5	54740.1	7848.7	4245.9	5337.8	2065.7	5098.5	2177.0	591.6	4497.8	4.4	482.7	0.0	1001.6	0.0	0.0	0.0	0.0	0.0	132.9	1161.6	683.1	493.2	747.2	1063.4	1325750.0	1309284.0	1309000.4076	291822.947565	286949.638313	578772.585878	263858.267896	259373.553823	523231.821719	64563.0	755374.585878	1184802.4076	1171001.4076	1166743.0	1780189.0	0.801554	1.07631	23.0	18.0	41.0	1653974.93663
sub-005_T1w	7329.4	211.7	14973.4	61265.3	7738.5	3733.7	4375.8	2023.7	787.5	2302.9	19659.7	4089.5	1885.0	928.2	564.4	3984.9	24.2	644.1	6567.8	197.7	14467.7	63728.4	7538.0	3892.7	4618.8	1954.8	4265.5	1979.4	482.7	3938.4	32.4	527.8	0.0	999.1	0.0	0.0	0.0	0.0	0.0	162.4	1066.8	562.7	728.9	580.5	1061.7	1167611.0	1148995.0	1148356.13593	242113.199026	236068.373434	478181.57246	229306.990208	228173.573265	457480.563473	58330.0	662584.57246	1011554.13593	996766.135933	994492.0	1501055.0	0.865354	1.112479	24.0	10.0	34.0	1349287.88961
sub-006_T1w	6528.0	123.9	16170.7	57615.7	7501.1	3249.2	4722.9	1877.1	737.7	1334.2	21213.7	3693.4	1610.3	903.4	517.0	4061.8	8.0	246.4	5968.5	278.2	14816.1	58245.4	7274.4	3338.1	4815.3	1872.9	3650.8	1597.6	565.0	3944.1	20.0	247.9	0.0	758.6	0.0	0.0	0.0	0.0	0.0	88.8	1254.8	593.2	473.4	613.2	1034.2	1129653.0	1113989.0	1113516.8163	240499.480322	240582.867499	481082.347821	214953.393945	214658.074529	429611.468474	55644.0	653959.347821	982857.816295	970062.816295	966733.0	1460033.0	0.827638	1.069691	17.0	17.0	34.0	1364911.2035
sub-007_T1w	3706.4	344.6	12649.8	51092.3	6546.7	3101.9	3951.1	1643.6	869.2	1110.6	15721.4	3612.7	1415.0	837.1	370.8	3413.5	28.9	290.0	3873.9	332.0	12248.0	52718.1	6214.7	3222.0	4335.3	1600.2	3613.3	1469.9	431.8	3270.9	33.6	293.9	0.0	800.7	0.0	0.0	0.0	0.0	0.0	112.5	804.6	425.9	536.8	369.1	692.8	1008660.0	997757.0	997379.993476	228886.40225	230259.115107	459145.517357	180185.368791	179563.107329	359748.476119	49256.0	613853.517357	880258.993476	872046.993476	868447.0	1408875.0	0.778372	1.087214	18.0	18.0	36.0	1295857.75516
sub-008_T1w	7272.1	200.8	14091.4	56874.6	7659.1	3339.9	4956.6	1974.5	731.8	1808.6	19763.3	3985.4	1529.4	879.8	408.2	3710.6	10.7	255.3	7221.1	361.0	12758.8	56002.5	7030.2	3458.8	4861.6	1841.1	3842.7	1572.2	523.2	3936.6	17.1	301.1	0.0	494.1	0.0	0.0	0.0	0.0	0.0	30.3	964.5	535.7	469.1	540.1	1079.5	1064183.0	1045809.0	1045744.92878	232835.208211	231742.641248	464577.849459	193650.665656	192044.413659	385695.079315	56100.0	634474.849459	924424.928775	909381.928775	906423.0	1389504.0	0.814314	1.06325	23.0	24.0	47.0	1306845.3774
sub-009_T1w	4734.9	233.0	15185.5	62017.6	7146.0	3062.7	4189.4	2020.8	916.2	1118.4	19059.2	3763.9	1534.0	913.0	406.8	3570.3	15.2	288.6	6366.3	315.8	14744.9	63321.0	6390.5	3116.5	5321.1	1846.9	3872.7	1612.1	552.2	3636.6	22.8	383.6	0.0	920.5	0.0	0.0	0.0	0.0	0.0	114.7	1033.4	563.7	703.6	760.5	893.0	1050183.0	1035591.0	1035284.14511	217219.699287	217727.273071	434946.972358	196278.20097	195396.971785	391675.172755	52935.0	614665.972358	895168.145114	883379.145114	879753.0	1422175.0	0.78306	1.060433	16.0	9.0	25.0	1341126.85205
sub-010_T1w	4837.3	246.9	18897.5	73250.0	8601.8	3396.3	3880.6	1729.5	1010.8	1682.1	22926.6	4074.9	1576.2	1075.1	513.3	3977.3	9.7	281.8	4303.9	296.9	18529.4	73448.9	7729.2	3479.1	4695.7	1686.0	4407.3	1730.3	593.7	4114.7	0.0	256.3	0.0	885.5	0.0	0.0	0.0	0.0	0.0	152.0	805.2	336.4	703.6	491.7	606.8	1133785.0	1120427.0	1119931.47331	233595.17192	235546.385566	469141.557486	204322.253501	204957.662323	409279.915823	57192.0	674505.557486	948828.473309	939181.473309	935951.0	1513570.0	0.812476	1.084632	25.0	28.0	53.0	1395468.25857
sub-011_T1w	5982.9	54.8	15484.4	57159.5	8211.4	3651.4	4582.1	1911.4	956.2	1119.1	20817.6	3994.4	1866.2	1139.8	535.5	3833.0	21.8	530.9	5072.4	306.5	13800.1	56674.8	7278.1	3868.5	5063.4	1967.9	4490.3	1949.3	589.9	3787.1	7.1	546.1	0.0	1233.8	0.0	0.0	0.0	0.0	0.0	150.7	1087.6	602.5	693.7	581.4	892.5	1206662.0	1191733.0	1191132.37229	259083.46917	261188.297591	520271.766761	235087.622669	233290.982858	468378.605527	58686.0	694304.766761	1062238.37229	1050438.37229	1047800.0	1602528.0	0.788859	1.047657	17.0	15.0	32.0	1529630.34573
sub-012_T1w	16580.1	282.7	13948.0	53205.4	6836.7	3343.4	4554.1	2119.3	1060.1	1801.1	19302.3	3885.9	1377.2	985.4	433.6	3896.2	40.5	697.3	9678.0	334.9	13102.8	54365.7	6898.2	3503.5	4758.5	1965.2	4147.2	1762.6	421.3	3850.8	25.9	662.3	0.0	835.7	0.0	0.0	0.0	0.0	0.0	221.4	986.1	596.3	489.4	447.8	889.4	1079995.0	1048560.0	1048244.33713	227936.271313	225232.597963	453168.869275	201333.736993	202516.730864	403850.467857	55553.0	618174.869275	943458.337132	915756.337132	912778.0	1488798.0	0.742597	1.023686	22.0	21.0	43.0	1454349.67606
sub-013_T1w	8789.6	415.9	21011.2	70574.9	10266.1	4773.3	6706.9	2685.2	947.1	1420.5	29218.5	5549.7	2443.5	1078.5	677.9	5688.2	54.6	423.1	15831.2	167.3	18846.5	71085.4	9677.2	5007.3	6643.7	2528.1	4972.7	2293.8	707.5	5495.0	24.9	699.2	0.0	840.0	0.0	0.0	0.0	0.0	0.0	136.1	1189.6	814.8	672.5	836.3	1004.0	1616324.0	1587099.0	1586826.72301	334042.43341	332011.883225	666054.316635	330864.982297	330141.424076	661006.406373	77242.0	886841.316635	1435065.72301	1409205.72301	1404528.0	2098973.0	0.786548	1.021418	16.0	16.0	32.0	2054959.58291
sub-014_T1w	3908.4	88.9	18883.6	68963.7	9293.1	4455.3	5569.0	2182.7	759.7	1966.4	26834.4	4364.1	1759.5	1016.3	665.3	4775.9	26.0	236.0	4125.5	44.4	18568.3	73280.5	8643.3	4483.4	6120.5	2316.4	4599.2	2014.2	845.7	4546.8	5.9	196.0	0.0	879.4	0.0	0.0	0.0	0.0	0.0	9.6	1085.8	629.9	939.3	830.3	1083.6	1416744.0	1405271.0	1404540.7534	306028.541298	305231.612895	611260.154193	274060.133588	271089.465618	545149.599206	67889.0	822995.154193	1236585.7534	1228690.7534	1225037.0	1858355.0	0.834551	1.094687	28.0	16.0	44.0	1697612.38665
sub-015_T1w	10684.0	269.0	16060.5	62487.9	7293.7	3185.3	4721.8	1933.8	1053.6	4349.5	21524.6	4215.7	1593.2	808.8	546.3	4257.2	30.3	565.1	10438.6	226.8	15225.4	64770.3	7097.2	3312.2	4686.6	1799.9	4367.2	1609.4	678.7	4032.3	40.8	552.6	0.0	791.9	0.0	0.0	0.0	0.0	0.0	93.1	1173.7	620.0	505.7	529.2	1161.8	1234782.0	1206490.0	1206599.64529	255102.422778	256756.719466	511859.142245	237515.26314	241745.239903	479260.503043	56747.0	697650.142245	1073169.64529	1050954.64529	1047696.0	1679238.0	0.780094	1.060887	8.0	13.0	21.0	1582862.28241
sub-016_T1w	4517.9	295.5	16291.9	68288.3	8337.2	3951.9	5271.7	2245.0	1157.4	2716.9	23024.8	4485.0	2110.0	767.7	741.2	4973.4	28.1	417.1	4482.6	250.8	15564.5	69914.0	7504.7	4006.2	5251.6	2081.2	4288.7	2177.7	665.4	4826.9	18.9	389.5	0.0	794.6	0.0	0.0	0.0	0.0	0.0	120.8	1072.8	584.5	589.1	627.9	980.8	1314011.0	1299781.0	1299540.9259	261816.370444	262990.812304	524807.182747	269618.28895	270269.454206	539887.743156	64080.0	729207.182747	1143009.9259	1133280.9259	1128909.0	1704780.0	0.817241	1.060277	10.0	13.0	23.0	1607862.1406
sub-017_T1w	3400.3	181.4	15577.4	64553.8	7788.2	3450.9	4587.8	1768.1	727.2	1700.5	19411.8	4211.4	1578.0	761.1	417.2	3920.7	16.5	338.7	3309.3	245.7	14915.1	64464.7	7036.7	3403.6	5357.0	1827.1	4262.4	1529.6	569.8	3816.5	22.7	309.4	0.0	662.1	0.0	0.0	0.0	0.0	0.0	60.3	959.4	527.0	671.2	567.2	859.6	1071967.0	1061826.0	1061142.73909	236204.059076	230867.254551	467071.313627	191327.501504	186497.923958	377825.425462	56720.0	654167.313627	911905.739089	904824.739089	902248.0	1453080.0	0.842463	1.141981	19.0	20.0	39.0	1272420.99946
sub-018_T1w	6984.7	246.2	13958.2	63749.1	7933.5	3338.8	5598.9	2023.9	1224.3	1467.2	20573.8	4579.6	1901.2	946.1	423.7	4241.3	65.9	376.2	7600.4	215.4	14086.5	64199.3	7326.1	3525.2	5447.2	2052.0	4911.1	1711.4	510.4	4074.2	36.3	391.2	0.0	595.5	0.0	0.0	0.0	0.0	0.0	154.5	931.9	541.9	523.3	504.3	893.2	1208563.0	1189996.0	1189388.6891	258930.973042	255297.566421	514228.539463	229473.985138	228193.164503	457667.149641	60628.0	704494.539463	1051469.6891	1036360.6891	1033036.0	1600171.0	0.748796	0.991426	47.0	20.0	67.0	1614009.15557
sub-019_T1w	7315.7	394.7	17958.2	62544.3	7270.5	3670.3	5422.3	2009.2	1098.8	2563.8	22467.8	4191.3	1750.2	1027.2	414.7	4224.1	0.0	448.2	7644.2	99.6	15566.8	60227.6	6951.1	3797.0	5280.5	1821.3	4276.4	1826.7	515.0	4267.8	4.9	502.3	0.0	781.8	0.0	0.0	0.0	0.0	0.0	61.2	1100.9	682.2	600.4	533.4	1022.4	1184140.0	1163904.0	1163585.10693	247094.812217	249618.733366	496713.545582	223208.089872	227374.471472	450582.561344	59105.0	680957.545582	1025957.10693	1010239.10693	1006666.0	1600372.0	0.813428	1.099353	28.0	15.0	43.0	1455740.30688
sub-020_T1w	3580.8	214.5	16465.9	53321.0	7433.0	3258.8	5371.9	1992.3	743.0	1368.5	19104.0	3784.4	1680.8	794.8	441.6	3745.0	5.6	250.5	2696.9	105.8	15046.6	49495.9	7163.2	3344.6	5637.4	1919.7	4020.3	1700.1	555.5	3534.3	3.1	192.1	0.0	740.2	0.0	0.0	0.0	0.0	0.0	94.8	918.4	610.1	905.9	864.7	812.4	1051282.0	1042296.0	1041571.47027	221563.312806	221448.881979	443012.194785	202662.390613	203322.884869	405985.275483	56901.0	604959.194785	916422.470268	910202.470268	906520.0	1371587.0	0.83317	1.08702	25.0	20.0	45.0	1261785.79376
sub-021_T1w	4348.2	182.1	13166.4	50914.5	8705.5	3843.1	4282.2	1472.1	716.2	1695.1	19449.7	4156.0	2089.7	906.0	642.8	3650.7	3.7	370.5	4558.8	88.5	13323.7	53498.4	7371.5	3860.4	5321.7	1940.8	4540.2	2038.5	672.4	3657.5	27.0	336.2	0.0	918.2	0.0	0.0	0.0	0.0	0.0	136.1	1161.5	580.3	762.7	818.3	1238.9	1252463.0	1240049.0	1239569.80954	279678.720913	275281.107873	554959.828787	248722.031962	245355.948794	494077.980755	59539.0	720238.828787	1120428.80954	1111222.80954	1108929.0	1692974.0	0.78411	1.059894	30.0	18.0	48.0	1597304.32694
sub-022_T1w	5412.0	176.1	15953.0	61034.3	7518.6	3574.4	4626.2	1929.9	606.0	1862.8	20138.5	4080.7	1942.7	769.2	402.0	3871.8	12.1	323.5	3717.9	255.7	15460.7	61980.8	7492.4	3383.6	4606.6	1790.5	4538.0	1765.4	631.1	3583.3	2.5	317.2	0.0	927.8	0.0	0.0	0.0	0.0	0.0	125.6	741.2	403.0	730.1	583.1	813.0	1114486.0	1102014.0	1101770.79249	241493.477785	239868.475408	481361.953194	206185.495195	202919.344103	409104.839299	56817.0	662593.953194	959489.792492	950078.792492	947404.0	1456549.0	0.855162	1.117632	21.0	22.0	43.0	1303246.16366
sub-023_T1w	6741.6	232.4	18500.7	73619.0	7493.2	3246.5	4916.9	1695.5	1177.0	3000.9	24166.4	4897.4	1788.8	1012.9	449.9	4081.2	19.6	390.5	6110.3	281.9	17348.6	73843.2	7087.7	3445.7	4893.3	1780.0	5048.7	1904.8	593.4	3852.8	17.3	344.5	0.0	758.2	0.0	0.0	0.0	0.0	0.0	165.5	1076.7	568.5	772.6	732.2	1003.4	1264918.0	1246391.0	1245993.87603	261503.27089	258325.052736	519828.323627	242410.984296	241660.568109	484071.552405	58290.0	727581.323627	1079214.87603	1065789.87603	1062419.0	1720661.0	0.822635	1.119025	14.0	17.0	31.0	1537642.56487
sub-024_T1w	11374.3	431.7	21320.1	58636.4	9339.5	3959.2	4680.0	1842.6	959.2	1660.2	24206.4	4518.8	1622.9	1539.7	569.3	4324.1	15.1	497.7	10914.1	167.9	18012.3	62217.4	8544.4	4019.7	4760.5	1939.8	4560.6	1776.9	598.2	4130.1	32.9	548.0	0.0	715.4	0.0	0.0	0.0	0.0	0.0	170.9	1050.7	691.4	630.0	563.0	1153.3	1282876.0	1255451.0	1254858.65149	273546.962596	275405.164144	548952.12674	239949.089111	242455.435639	482404.52475	62806.0	734374.12674	1120248.65149	1096929.65149	1094599.0	1761893.0	0.771265	1.05925	20.0	22.0	42.0	1663340.46462
sub-025_T1w	3754.6	496.3	12887.8	44988.4	5573.8	3305.8	4700.1	1919.1	910.9	1345.1	17380.2	3726.9	1450.9	633.1	390.2	3605.6	36.3	245.7	2752.6	492.3	12042.5	46260.5	6202.9	3317.0	4813.2	1655.0	3963.6	1460.3	483.5	3571.4	9.1	195.7	0.0	591.1	0.0	0.0	0.0	0.0	0.0	212.7	1082.3	662.7	957.9	974.4	778.7	995456.0	985481.0	985043.679815	205790.532088	206129.856079	411920.388167	201585.471652	203755.819996	405341.291648	51115.0	555693.388167	878132.679815	870927.679815	868692.0	1372794.0	0.782398	1.078975	14.0	10.0	24.0	1272313.41432
sub-026_T1w	11058.3	574.3	13285.1	59484.8	6492.6	3937.1	5244.4	1988.1	989.0	2713.1	19228.9	3948.7	1528.2	850.0	509.1	4031.4	26.7	519.2	7763.4	402.6	12599.2	60467.4	6738.7	3964.9	5301.1	1718.2	4215.3	1951.0	458.3	3961.3	16.9	461.5	0.0	603.8	0.0	0.0	0.0	0.0	0.0	168.4	1136.8	578.1	480.2	494.8	1051.0	1137487.0	1112801.0	1112093.48467	242927.874666	242164.101855	485091.976521	211976.293919	211815.21423	423791.508149	57024.0	663323.976521	990230.48467	969965.48467	966504.0	1492950.0	0.800547	1.050716	19.0	15.0	34.0	1420887.66444
sub-027_T1w	5008.7	269.4	14212.0	49611.0	6252.4	3024.4	3723.7	1817.9	925.5	1479.2	18985.0	4128.6	1638.7	778.9	408.8	3562.3	36.6	298.8	5188.3	753.3	13036.0	50089.8	6392.9	3187.9	3792.8	1604.9	4196.1	1584.4	557.1	3525.2	3.9	312.0	0.0	650.2	0.0	0.0	0.0	0.0	0.0	142.2	910.4	496.6	440.8	472.6	931.8	1038363.0	1024278.0	1023853.08342	220407.052748	219948.115694	440355.168442	203886.411831	200919.503145	404805.914976	50997.0	592651.168442	910189.083418	899148.083418	896475.0	1430399.0	0.764867	1.053644	7.0	12.0	19.0	1357572.87978
sub-028_T1w	9220.3	329.3	14438.1	58303.0	7631.2	3145.0	5636.6	2065.6	958.8	2810.1	22123.2	5224.6	2094.5	875.3	533.6	4327.4	13.2	442.7	7719.2	263.1	14454.1	61622.2	7605.4	3162.1	5545.5	1887.2	5348.7	2172.0	649.0	4153.2	17.7	364.8	0.0	997.7	0.0	0.0	0.0	0.0	0.0	109.9	848.1	530.1	606.3	545.8	1086.1	1241565.0	1220275.0	1219713.39868	268441.656192	263379.475629	531821.131821	239317.885538	236920.381322	476238.26686	62642.0	715871.131821	1090900.39868	1073993.39868	1071158.0	1651140.0	0.797419	1.060477	47.0	20.0	67.0	1556979.30939
sub-029_T1w	4959.8	179.1	17122.4	61817.8	8589.4	3935.6	5946.6	2006.5	860.4	1947.4	23034.7	3977.3	1793.2	861.1	519.9	4313.5	15.9	219.6	6842.9	273.1	17649.5	62746.9	7317.9	4044.4	5961.4	2190.1	4083.4	1721.7	620.7	4123.0	24.4	312.9	0.0	741.5	0.0	0.0	0.0	0.0	0.0	166.3	928.1	498.6	551.2	469.9	853.5	1194765.0	1179072.0	1179006.50021	254200.275269	251909.831557	506110.106825	225788.269142	225296.124245	451084.393387	61845.0	694118.106825	1034664.50021	1022498.50021	1018990.0	1583448.0	0.83896	1.111892	18.0	21.0	39.0	1424102.08776
sub-030_T1w	11816.8	298.7	17665.2	60235.7	8418.7	4233.3	5428.1	2520.6	1136.7	1924.2	25201.9	4542.2	1879.6	1279.9	501.9	5071.0	24.8	563.1	12384.2	420.6	17704.0	62962.3	8440.5	4270.8	5564.3	2285.8	4262.3	1854.7	733.7	5146.0	4.1	430.2	7.9	679.9	0.0	0.0	0.0	0.0	0.0	216.9	1398.3	799.7	534.9	791.8	1272.8	1329481.0	1299968.0	1299423.03375	269013.448918	268212.979631	537226.428549	270140.833295	265781.771907	535922.605202	66980.0	729024.428549	1169417.03375	1144071.03375	1140503.0	1768553.0	0.775785	1.031994	11.0	13.0	24.0	1713723.85304
sub-031_T1w	6007.0	130.2	14091.7	60595.5	8658.9	3202.2	4733.2	1615.6	759.9	1366.8	19629.7	3985.3	1885.5	805.7	432.9	3809.0	46.0	345.7	8408.0	231.3	12998.1	62779.9	7588.9	3258.6	5441.1	1823.9	4171.5	1792.6	604.1	3704.0	9.7	414.0	0.0	542.9	0.0	0.0	0.0	0.0	0.0	97.1	980.4	558.2	447.0	456.5	1014.6	1121947.0	1104111.0	1103380.82469	244378.822846	242008.049891	486386.872738	205810.237071	202969.714876	408779.951948	57818.0	668809.872738	971872.824685	956872.824685	953648.0	1481218.0	0.81426	1.075003	22.0	33.0	55.0	1377872.88351
sub-032_T1w	3707.7	139.4	19451.5	71466.9	8148.2	3524.7	5652.5	2172.0	687.9	1078.0	24639.1	4217.6	1843.1	915.0	571.2	4329.0	42.9	238.3	2499.0	300.7	18224.3	72746.6	7775.9	3590.2	5603.8	2060.6	4209.9	1845.5	706.1	4294.7	12.8	256.7	0.0	1072.3	0.0	0.0	0.0	0.0	0.0	172.3	1102.3	590.4	850.8	944.5	937.0	1308426.0	1299686.0	1299558.26023	263041.024286	260330.807302	523371.831588	266499.301244	265113.127396	531612.428639	61932.0	731204.831588	1126867.26023	1120578.26023	1116929.0	1688851.0	0.819365	1.057596	14.0	5.0	19.0	1596877.1267
sub-033_T1w	8141.2	580.3	15190.5	60771.2	8032.3	3360.6	4942.0	1940.0	1165.6	2215.7	21447.6	4361.6	1776.4	1122.8	477.5	3999.1	21.0	584.7	9443.7	243.7	14970.4	60069.4	7123.6	3504.9	5014.9	1853.9	4344.5	1796.4	582.4	4037.6	28.6	783.5	0.0	761.9	0.0	0.0	0.0	0.0	0.0	116.2	985.3	614.2	498.5	509.1	1110.2	1151808.0	1128572.0	1128211.12173	233280.20226	232592.380727	465872.582987	226394.124314	226329.414433	452723.538747	58553.0	646587.582987	998858.121734	979979.121734	977415.0	1553216.0	0.800217	1.079095	11.0	10.0	21.0	1439369.25747
sub-034_T1w	5668.9	195.1	16399.2	64283.0	7957.8	3256.0	5509.1	2070.0	1019.2	1121.8	22089.5	4172.5	1755.0	1100.2	557.4	4589.5	10.8	323.1	6141.3	224.5	15738.9	66061.0	7479.7	3337.0	5609.3	1939.6	4144.7	1997.6	643.3	4555.3	7.3	324.0	0.0	792.0	0.0	0.0	0.0	0.0	0.0	118.1	963.0	609.3	646.9	591.3	879.2	1244507.0	1229162.0	1228831.09067	274505.954649	275117.221623	549623.176272	228335.6037	227088.310694	455423.914394	61194.0	742149.176272	1082381.09067	1070134.09067	1066451.0	1652641.0	0.815704	1.083213	30.0	23.0	53.0	1525684.87981
sub-035_T1w	4316.1	380.0	12823.7	52030.7	6591.4	3276.0	4916.5	1869.5	647.2	1343.2	18367.4	4109.7	1663.5	711.0	594.3	3751.9	20.5	334.1	6277.9	461.4	12722.3	51539.1	6656.0	3379.7	5091.5	1650.4	4052.1	1753.5	590.9	3594.7	23.9	392.1	0.0	920.9	0.0	0.0	0.0	0.0	0.0	179.1	955.9	574.9	572.0	631.5	884.8	1056809.0	1042844.0	1042466.12967	227064.00138	229415.071676	456479.073056	199522.435245	202375.621365	401898.056611	54956.0	616209.073056	927141.129667	915716.129667	913558.0	1393460.0	0.796599	1.050359	25.0	19.0	44.0	1326650.75383
sub-036_T1w	5350.2	800.7	18846.8	65238.7	9961.8	3677.7	5867.8	2472.0	973.4	1418.7	26848.7	5412.8	2099.2	1033.1	711.6	5611.1	31.4	210.7	3892.4	233.1	17449.0	69571.5	8904.3	3993.0	5897.6	2468.1	5165.5	2417.8	609.7	5259.2	10.8	302.3	0.0	1036.1	0.0	0.0	0.0	0.0	0.0	71.3	1054.4	789.8	872.9	816.2	1053.7	1543196.0	1529914.0	1529584.04876	320075.538062	314188.677898	634264.21596	326831.787204	324248.045594	651079.832798	71665.0	842701.21596	1372280.04876	1362241.04876	1357287.0	1934003.0	0.859408	1.077049	28.0	44.0	72.0	1795649.1415
sub-037_T1w	5207.6	250.0	16540.3	60630.1	8723.4	3730.8	4988.4	2166.2	608.4	1401.9	22982.9	4195.6	1625.8	580.4	548.0	4165.5	0.0	247.0	4359.0	166.9	15697.2	60149.3	7602.5	3637.7	5271.7	2104.9	4402.5	1771.2	552.2	4219.8	21.4	293.2	0.0	727.4	0.0	0.0	0.0	0.0	0.0	178.7	1234.4	786.3	629.2	802.9	964.1	1201955.0	1189779.0	1189350.65557	250438.005913	249289.060274	499727.066187	238333.249279	236745.340105	475078.589384	60840.0	683029.066187	1049247.65557	1039460.65557	1035907.0	1529309.0	0.845308	1.075529	20.0	17.0	37.0	1421913.56174
sub-038_T1w	4965.7	232.5	14041.4	54951.8	7001.6	3728.5	5162.8	2077.3	885.6	1373.1	18067.2	4085.0	1591.4	933.9	420.5	3620.0	36.3	307.7	5356.2	343.7	13487.0	54195.4	6780.7	3670.3	5372.9	1916.6	4365.2	1853.9	637.5	3689.8	13.9	441.0	0.0	728.2	0.0	0.0	0.0	0.0	0.0	132.3	888.0	515.3	564.7	531.1	789.1	1025281.0	1011164.0	1010797.72091	223466.103642	220112.75229	443578.855932	186793.906732	186254.958246	373048.864978	57076.0	611252.855932	888262.72091	877232.72091	873972.0	1353678.0	0.792423	1.046236	20.0	15.0	35.0	1293854.93251
sub-039_T1w	10412.8	151.0	16360.3	61665.4	7692.8	4501.6	5522.1	2162.3	1070.6	3467.7	19699.1	3818.7	1729.8	1136.9	533.4	4021.8	39.5	433.3	7718.6	134.5	15268.2	66343.6	7614.5	4539.1	5580.6	1991.6	3973.1	1792.5	626.9	3942.1	24.9	362.2	0.0	662.7	0.0	0.0	0.0	0.0	0.0	131.8	1014.8	682.4	468.4	480.8	1019.3	1230344.0	1206333.0	1205702.09044	267446.79455	268635.415027	536082.209576	224595.368524	221944.512343	446539.880867	61677.0	728133.209576	1067925.09044	1049400.09044	1044823.0	1611837.0	0.786849	1.030827	18.0	25.0	43.0	1563635.10185
sub-040_T1w	9564.6	146.7	17083.8	63374.5	7841.3	3780.5	5797.9	2219.3	1086.0	2197.9	23526.2	4615.5	1908.0	1098.0	620.2	4976.6	7.8	436.2	8502.1	268.0	17051.4	65019.0	8123.9	3858.9	5622.1	1945.9	4953.6	2005.4	663.2	4629.2	8.8	412.9	0.0	1153.6	0.0	0.0	0.0	0.0	0.0	164.4	1030.7	557.7	544.1	471.0	1002.6	1322431.0	1299465.0	1298935.24724	270517.445996	269289.421442	539806.867438	264678.0793	265803.300498	530481.379798	65351.0	735238.867438	1158060.24724	1139278.24724	1136024.0	1736904.0	0.786184	1.032588	15.0	14.0	29.0	1682088.40236
sub-041_T1w	4609.5	192.5	17305.8	67373.3	7888.2	3569.4	5214.8	2073.2	1097.8	2349.0	22209.4	5047.7	1932.9	804.0	516.2	4560.5	17.4	310.2	7208.9	163.2	15916.8	67490.7	7861.3	3604.1	5202.8	2096.4	5091.2	2028.5	593.0	4487.3	22.1	459.9	0.0	1213.5	0.0	0.0	0.0	0.0	0.0	68.2	835.3	512.4	670.1	609.4	732.2	1301918.0	1285697.0	1285299.08344	279119.074261	277828.403446	556947.477706	249563.225552	246429.380185	495992.605737	63022.0	756874.477706	1132813.08344	1120658.08344	1116300.0	1654238.0	0.836873	1.063344	32.0	22.0	54.0	1555693.65613
sub-042_T1w	10458.1	340.3	15152.7	65613.6	8866.1	3877.8	5007.4	2061.6	1070.9	2498.6	23081.3	4689.0	1891.2	905.9	656.7	4469.3	96.2	468.9	5500.5	508.2	14829.0	66531.7	8301.8	3868.8	5437.8	2026.6	5105.9	1899.7	839.6	4420.6	33.5	374.0	0.0	783.4	0.0	0.0	0.0	0.0	0.0	193.6	1203.3	674.1	681.0	583.8	1290.2	1363281.0	1341976.0	1341674.08561	299588.240579	301642.552474	601230.793054	256143.992959	257657.2996	513801.292559	64534.0	799076.793054	1200068.08561	1183113.08561	1179776.0	1735904.0	0.823845	1.049025	31.0	24.0	55.0	1654778.84701
sub-043_T1w	5112.8	309.0	14688.3	60479.4	8767.2	3540.3	4763.1	1877.7	1031.6	1640.2	21329.4	4020.8	1891.5	1003.3	448.9	4016.7	48.6	363.2	3976.3	157.1	15062.6	63112.6	8587.7	3476.9	5093.5	1882.7	4589.3	1852.8	574.3	4033.2	45.6	358.1	0.0	875.0	0.0	0.0	0.0	0.0	0.0	112.7	1031.8	675.5	890.3	890.1	925.6	1243679.0	1230476.0	1230627.73439	262230.658617	265295.66959	527526.328207	243479.308842	245132.097343	488611.406185	60587.0	713293.328207	1089934.73439	1080334.73439	1076503.0	1663623.0	0.806251	1.078492	28.0	26.0	54.0	1542545.43646
sub-044_T1w	5088.7	388.2	16502.2	71011.6	8077.9	3604.0	5087.4	2113.8	1076.4	1936.2	21730.0	4488.3	2030.2	1181.1	551.0	4678.4	0.0	249.9	5610.2	315.9	16649.6	70962.0	8163.3	3781.8	5114.5	1920.2	4370.3	1962.1	610.2	4559.3	25.4	366.1	0.0	997.5	0.0	0.0	0.0	0.0	0.0	155.1	1220.9	537.9	714.1	747.9	873.3	1284149.0	1268691.0	1268654.07454	272156.576744	269406.93681	541563.513553	244878.102175	244674.458812	489552.560986	62319.0	747110.513553	1108442.07454	1097060.07454	1093368.0	1698236.0	0.856372	1.132518	27.0	11.0	38.0	1499521.89492
sub-045_T1w	3988.6	278.8	17985.9	64900.3	8342.5	3349.3	4930.5	2143.8	819.2	1568.8	22603.5	4836.5	1924.1	855.0	497.8	4639.9	33.1	285.7	6648.4	188.1	16136.2	68292.4	7804.4	3433.7	4900.9	2084.6	4391.6	1788.3	630.3	4273.5	10.4	422.2	0.0	804.7	0.0	0.0	0.0	0.0	0.0	113.9	1033.8	514.8	614.7	681.0	809.7	1231601.0	1217367.0	1217261.96117	252054.782183	252320.004104	504374.786288	240988.67195	242484.50293	483473.174881	61298.0	700843.786288	1063600.96117	1052473.96117	1049160.0	1660215.0	0.809365	1.091035	23.0	28.0	51.0	1521688.29837
sub-046_T1w	9831.2	198.9	19120.0	73822.4	10262.0	4742.5	5988.4	2452.1	1103.3	2350.0	27249.7	5092.1	2446.3	1120.3	787.9	5310.8	19.4	589.5	10625.1	333.3	19175.9	77482.6	10045.2	4833.3	6273.1	2323.8	5565.4	2563.7	863.3	5552.9	26.3	742.0	0.0	959.8	0.0	0.0	0.0	0.0	0.0	125.7	1137.5	693.1	586.5	792.1	968.2	1569436.0	1543487.0	1543108.34602	328962.207416	333282.978826	662245.186242	304627.154151	308486.005627	613113.159778	76982.0	893089.186242	1379369.34602	1357851.34602	1352661.0	2017118.0	0.845843	1.08712	25.0	24.0	49.0	1855470.1602
sub-047_T1w	9758.2	273.3	15382.7	66981.4	8755.0	3839.2	5512.5	2180.9	1166.9	3709.1	23550.7	3689.4	2031.1	1007.0	793.0	4694.9	46.6	476.0	5360.0	265.1	14827.2	68417.2	8536.4	3890.9	5725.5	2085.7	4327.3	2284.7	734.2	4592.2	12.0	319.5	0.0	1211.4	0.0	0.0	0.0	0.0	0.0	211.3	1028.2	623.4	829.4	676.8	1077.2	1351403.0	1329977.0	1329757.40828	271784.229836	277652.56431	549436.794145	273782.028338	275577.585802	549359.61414	65330.0	751790.794145	1183602.40828	1167882.40828	1164177.0	1843950.0	0.796389	1.08665	31.0	22.0	53.0	1696912.74338
sub-048_T1w	7487.7	401.6	18080.3	67743.5	8066.9	3810.9	5235.2	2066.7	1124.6	1852.1	24975.3	4728.7	2092.1	1128.0	592.7	4418.7	42.3	681.1	8338.7	158.8	16733.6	68871.7	8082.8	3949.7	5121.8	1891.7	4736.6	2000.3	623.6	4316.2	20.6	630.4	0.0	675.5	0.0	0.0	0.0	0.0	0.0	175.9	851.9	516.3	474.0	467.1	963.1	1283205.0	1262207.0	1262076.31606	276810.034734	272755.581597	549565.616332	240413.906495	236657.793235	477071.69973	63181.0	751695.616332	1111213.31606	1094162.31606	1089806.0	1687341.0	0.789783	1.03852	28.0	19.0	47.0	1624755.45263
sub-049_T1w	8363.6	691.4	16247.7	67295.3	7566.4	4076.8	4972.8	2167.3	1197.4	1470.1	24392.8	4425.3	1767.3	1046.2	614.1	4808.6	23.8	424.4	10032.0	296.0	16903.5	69303.5	7932.0	4036.6	5081.0	1871.1	4387.3	1856.7	639.8	4625.2	26.5	516.1	0.0	618.3	0.0	0.0	0.0	0.0	0.0	156.6	1348.9	797.7	587.8	818.7	1075.8	1308580.0	1285222.0	1284449.89902	282177.640014	283230.651055	565408.291069	242511.858616	244193.749338	486705.607954	62239.0	765650.291069	1138700.89902	1118922.89902	1115045.0	1704719.0	0.824592	1.074217	24.0	23.0	47.0	1586941.43297
